[1, 0, 0, 1]
[0, 1, 1, 0]
[13, 0, 0, 1]
[0, 13, 1, 0]
[30, 1, 1, 0]
[31, 13, 1, 0]
[2, 1, 31, 0]
[29, 1, 1, 0]
[31, 19, 1, 0]
[18, 13, 1, 0]
[6, 13, 1, 0]
[19, 9, 1, 0]
[3, 30, 31, 1]
[28, 1, 1, 0]
[17, 13, 1, 0]
[14, 31, 31, 1]
[5, 13, 1, 0]
[22, 9, 1, 0]
[25, 13, 1, 0]
[19, 23, 1, 0]
[10, 9, 1, 0]
[23, 21, 1, 0]
[5, 30, 30, 1]
[27, 6, 19, 13]
[4, 29, 31, 1]
[27, 1, 1, 0]
[15, 30, 31, 1]
[4, 13, 1, 0]
[8, 23, 1, 0]
[27, 18, 31, 1]
[10, 21, 1, 0]
[27, 3, 2, 31]
[7, 29, 30, 1]
[8, 25, 19, 13]
[15, 25, 6, 13]
[1, 0, 24, 1]
[13, 0, 24, 1]
[31, 19, 9, 8]
[19, 23, 9, 8]
[5, 30, 22, 17]
[27, 3, 10, 7]
[7, 29, 6, 25]
[15, 25, 14, 5]
[4, 13, 29, 24]
[19, 9, 20, 9]
[19, 23, 20, 23]
[27, 1, 28, 1]
[27, 6, 12, 17]
