[1, 0, 0, 1]
[0, 1, 1, 0]
[13, 0, 0, 1]
[0, 13, 1, 0]
[30, 1, 1, 0]
[31, 13, 1, 0]
[6, 1, 13, 0]
[29, 1, 1, 0]
[18, 13, 1, 0]
[31, 9, 1, 0]
[6, 13, 1, 0]
[19, 9, 1, 0]
[25, 1, 13, 0]
[28, 1, 1, 0]
[17, 13, 1, 0]
[12, 19, 1, 0]
[10, 13, 13, 0]
[5, 13, 1, 0]
[22, 9, 1, 0]
[25, 13, 1, 0]
[10, 9, 1, 0]
[19, 21, 1, 0]
[23, 21, 1, 0]
[5, 30, 30, 1]
[27, 1, 1, 0]
[4, 13, 1, 0]
[17, 9, 1, 0]
[8, 23, 1, 0]
[24, 13, 1, 0]
[5, 9, 1, 0]
[10, 21, 1, 0]
[25, 9, 1, 0]
[5, 6, 30, 13]
[7, 29, 30, 1]
[15, 25, 6, 13]
[5, 12, 31, 13]
[1, 0, 24, 1]
[13, 0, 24, 1]
[31, 9, 9, 24]
[5, 30, 22, 17]
[5, 6, 22, 29]
[7, 29, 6, 25]
[15, 25, 14, 5]
[4, 13, 29, 24]
[19, 9, 20, 9]
[19, 21, 20, 21]
[27, 1, 28, 1]
[5, 12, 4, 25]
