[1, 0, 0, 1]
[0, 1, 1, 0]
[31, 31, 0, 1]
[30, 1, 1, 0]
[31, 13, 1, 0]
[2, 1, 31, 0]
[29, 1, 1, 0]
[31, 19, 1, 0]
[18, 13, 1, 0]
[19, 9, 1, 0]
[3, 30, 31, 1]
[28, 1, 1, 0]
[17, 13, 1, 0]
[12, 19, 1, 0]
[14, 31, 31, 1]
[22, 9, 1, 0]
[26, 13, 31, 0]
[25, 13, 1, 0]
[19, 23, 1, 0]
[10, 9, 1, 0]
[23, 21, 1, 0]
[5, 30, 30, 1]
[27, 6, 19, 13]
[4, 29, 31, 1]
[16, 13, 1, 0]
[20, 19, 31, 0]
[27, 18, 31, 1]
[24, 13, 1, 0]
[11, 17, 1, 0]
[27, 3, 2, 31]
[7, 26, 13, 19]
[7, 29, 30, 1]
[8, 9, 1, 0]
[15, 29, 1, 0]
[15, 25, 6, 13]
[1, 0, 24, 1]
[5, 30, 22, 17]
[27, 6, 27, 29]
[27, 18, 7, 17]
[7, 29, 6, 25]
[18, 13, 9, 0]
[5, 30, 14, 9]
[7, 29, 14, 9]
[19, 9, 20, 9]
[19, 23, 20, 23]
[23, 21, 24, 21]
[11, 17, 12, 17]
[7, 26, 20, 13]
