[1, 0, 0, 1]
[0, 1, 1, 0]
[1, 31, 0, 1]
[13, 0, 0, 1]
[13, 31, 0, 1]
[0, 13, 1, 0]
[30, 1, 1, 0]
[31, 13, 1, 0]
[30, 3, 1, 31]
[2, 1, 31, 0]
[6, 1, 13, 0]
[29, 1, 1, 0]
[31, 19, 1, 0]
[31, 14, 1, 31]
[18, 13, 1, 0]
[31, 9, 1, 0]
[19, 9, 1, 0]
[3, 30, 31, 1]
[29, 4, 1, 31]
[3, 1, 31, 0]
[28, 1, 1, 0]
[17, 13, 1, 0]
[12, 19, 1, 0]
[14, 31, 31, 1]
[18, 27, 1, 31]
[14, 13, 31, 0]
[19, 23, 1, 0]
[19, 22, 1, 31]
[19, 21, 1, 0]
[5, 30, 30, 1]
[27, 6, 19, 13]
[4, 29, 31, 1]
[4, 1, 31, 0]
[17, 28, 1, 31]
[25, 19, 1, 0]
[8, 23, 1, 0]
[27, 3, 2, 31]
[5, 25, 30, 3]
[7, 29, 30, 1]
[24, 19, 1, 0]
[7, 22, 30, 3]
[15, 25, 6, 13]
[5, 25, 30, 15]
[7, 22, 14, 7]
[19, 9, 20, 9]
[19, 23, 20, 23]
[19, 22, 20, 21]
[19, 21, 20, 21]
