[1, 0, 0, 1]
[0, 1, 1, 0]
[1, 31, 0, 1]
[31, 31, 0, 1]
[30, 1, 1, 0]
[31, 30, 0, 1]
[31, 13, 1, 0]
[30, 3, 1, 31]
[2, 1, 31, 0]
[29, 1, 1, 0]
[31, 19, 1, 0]
[31, 14, 1, 31]
[6, 13, 1, 0]
[3, 30, 31, 1]
[2, 3, 31, 31]
[29, 4, 1, 31]
[3, 1, 31, 0]
[28, 1, 1, 0]
[31, 20, 1, 31]
[14, 31, 31, 1]
[5, 13, 1, 0]
[26, 13, 31, 0]
[25, 13, 1, 0]
[19, 23, 1, 0]
[5, 30, 30, 1]
[4, 29, 31, 1]
[28, 5, 1, 31]
[27, 1, 1, 0]
[15, 30, 31, 1]
[4, 13, 1, 0]
[27, 18, 31, 1]
[24, 13, 1, 0]
[27, 3, 2, 31]
[5, 25, 30, 3]
[7, 29, 30, 1]
[16, 29, 31, 1]
[24, 31, 31, 1]
[7, 22, 30, 3]
[1, 0, 24, 1]
[1, 31, 24, 9]
[31, 31, 8, 9]
[31, 30, 8, 17]
[31, 14, 9, 15]
[31, 20, 9, 31]
[5, 30, 22, 17]
[5, 25, 22, 27]
[7, 22, 6, 19]
[2, 3, 19, 11]
