[1, 0, 0, 1]
[0, 1, 1, 0]
[1, 31, 0, 1]
[13, 0, 0, 1]
[13, 31, 0, 1]
[0, 13, 1, 0]
[30, 1, 1, 0]
[31, 13, 1, 0]
[30, 3, 1, 31]
[6, 1, 13, 0]
[29, 1, 1, 0]
[31, 19, 1, 0]
[18, 13, 1, 0]
[31, 9, 1, 0]
[19, 9, 1, 0]
[6, 3, 13, 31]
[29, 4, 1, 31]
[25, 1, 13, 0]
[28, 1, 1, 0]
[17, 13, 1, 0]
[12, 19, 1, 0]
[31, 23, 1, 0]
[18, 27, 1, 31]
[10, 13, 13, 0]
[19, 23, 1, 0]
[19, 21, 1, 0]
[5, 30, 30, 1]
[25, 4, 13, 31]
[28, 5, 1, 31]
[12, 1, 13, 0]
[17, 28, 1, 31]
[17, 9, 1, 0]
[8, 23, 1, 0]
[10, 27, 13, 31]
[5, 25, 30, 3]
[5, 6, 30, 13]
[7, 26, 13, 19]
[7, 29, 30, 1]
[24, 19, 1, 0]
[17, 24, 1, 31]
[7, 22, 30, 3]
[15, 25, 6, 13]
[5, 25, 30, 15]
[7, 22, 14, 7]
[19, 9, 20, 9]
[19, 23, 20, 23]
[19, 21, 20, 21]
[7, 26, 20, 13]
