[1, 0, 0, 1]
[0, 1, 1, 0]
[1, 31, 0, 1]
[13, 0, 0, 1]
[31, 31, 0, 1]
[13, 31, 0, 1]
[0, 13, 1, 0]
[30, 1, 1, 0]
[31, 30, 0, 1]
[19, 31, 0, 1]
[31, 13, 1, 0]
[30, 3, 1, 31]
[2, 1, 31, 0]
[6, 1, 13, 0]
[29, 1, 1, 0]
[19, 30, 0, 1]
[31, 19, 1, 0]
[31, 14, 1, 31]
[18, 13, 1, 0]
[31, 9, 1, 0]
[19, 9, 1, 0]
[3, 30, 31, 1]
[2, 3, 31, 31]
[6, 3, 13, 31]
[29, 4, 1, 31]
[3, 1, 31, 0]
[25, 1, 13, 0]
[28, 1, 1, 0]
[17, 13, 1, 0]
[31, 20, 1, 31]
[18, 27, 1, 31]
[31, 10, 1, 31]
[19, 22, 1, 31]
[7, 30, 19, 1]
[5, 30, 30, 1]
[27, 6, 19, 13]
[4, 29, 31, 1]
[28, 5, 1, 31]
[12, 1, 13, 0]
[12, 7, 1, 31]
[27, 3, 2, 31]
[5, 25, 30, 3]
[5, 6, 30, 13]
[8, 25, 19, 13]
[7, 22, 30, 3]
[15, 25, 6, 13]
[5, 25, 30, 15]
[7, 22, 14, 7]
