[1, 0, 0, 1]
[0, 1, 1, 0]
[1, 31, 0, 1]
[13, 0, 0, 1]
[1, 30, 0, 1]
[31, 31, 0, 1]
[0, 13, 1, 0]
[30, 1, 1, 0]
[1, 29, 0, 1]
[31, 30, 0, 1]
[31, 13, 1, 0]
[30, 3, 1, 31]
[2, 1, 31, 0]
[29, 1, 1, 0]
[31, 29, 0, 1]
[31, 19, 1, 0]
[31, 14, 1, 31]
[3, 30, 31, 1]
[30, 5, 1, 30]
[2, 3, 31, 31]
[29, 4, 1, 31]
[3, 1, 31, 0]
[31, 20, 1, 31]
[14, 31, 31, 1]
[31, 15, 1, 30]
[1, 14, 31, 31]
[3, 27, 31, 2]
[29, 30, 1, 1]
[5, 30, 30, 1]
[2, 5, 31, 30]
[4, 29, 31, 1]
[29, 7, 1, 30]
[3, 4, 31, 31]
[28, 5, 1, 31]
[1, 20, 31, 31]
[12, 7, 1, 31]
[22, 31, 19, 1]
[1, 15, 31, 30]
[27, 3, 2, 31]
[5, 25, 30, 3]
[5, 6, 30, 13]
[4, 25, 31, 2]
[7, 29, 30, 1]
[28, 9, 1, 30]
[4, 5, 31, 31]
[27, 25, 2, 3]
[29, 4, 30, 3]
[3, 4, 2, 3]
