[1, 0, 0, 1]
[0, 1, 1, 0]
[1, 31, 0, 1]
[13, 0, 0, 1]
[1, 30, 0, 1]
[31, 31, 0, 1]
[13, 31, 0, 1]
[0, 13, 1, 0]
[30, 1, 1, 0]
[13, 30, 0, 1]
[19, 31, 0, 1]
[31, 13, 1, 0]
[30, 3, 1, 31]
[2, 1, 31, 0]
[6, 1, 13, 0]
[29, 1, 1, 0]
[31, 19, 1, 0]
[31, 14, 1, 31]
[31, 9, 1, 0]
[3, 30, 31, 1]
[2, 3, 31, 31]
[6, 3, 13, 31]
[26, 1, 19, 0]
[3, 1, 31, 0]
[25, 1, 13, 0]
[12, 19, 1, 0]
[31, 23, 1, 0]
[1, 14, 31, 31]
[31, 10, 1, 31]
[29, 30, 1, 1]
[7, 30, 19, 1]
[5, 30, 30, 1]
[26, 3, 19, 31]
[4, 29, 31, 1]
[7, 1, 19, 0]
[4, 1, 31, 0]
[12, 7, 1, 31]
[1, 10, 31, 31]
[27, 3, 2, 31]
[25, 30, 13, 1]
[5, 6, 30, 13]
[28, 29, 1, 1]
[7, 29, 30, 1]
[20, 7, 31, 31]
[15, 25, 6, 13]
[27, 3, 2, 11]
[29, 30, 30, 31]
[25, 30, 6, 31]
