[1, 0, 0, 1]
[0, 1, 1, 0]
[1, 31, 0, 1]
[1, 30, 0, 1]
[30, 1, 1, 0]
[1, 29, 0, 1]
[31, 13, 1, 0]
[30, 3, 1, 31]
[29, 1, 1, 0]
[31, 19, 1, 0]
[18, 13, 1, 0]
[19, 9, 1, 0]
[30, 5, 1, 30]
[29, 4, 1, 31]
[28, 1, 1, 0]
[17, 13, 1, 0]
[12, 19, 1, 0]
[31, 15, 1, 30]
[18, 27, 1, 31]
[19, 23, 1, 0]
[3, 27, 31, 2]
[5, 30, 30, 1]
[30, 7, 1, 29]
[29, 7, 1, 30]
[17, 28, 1, 31]
[1, 20, 31, 31]
[8, 23, 1, 0]
[14, 17, 31, 2]
[5, 25, 30, 3]
[27, 11, 19, 26]
[4, 25, 31, 2]
[7, 29, 30, 1]
[28, 9, 1, 30]
[15, 28, 31, 31]
[16, 31, 29, 1]
[10, 17, 13, 18]
[24, 3, 3, 31]
[27, 25, 2, 3]
[7, 22, 30, 3]
[31, 15, 5, 14]
[1, 20, 27, 3]
[19, 9, 20, 9]
[29, 4, 30, 3]
[19, 23, 20, 23]
[27, 11, 14, 5]
[15, 28, 14, 27]
[27, 11, 12, 5]
[15, 28, 4, 29]
