[1, 0, 0, 1]
[0, 1, 1, 0]
[1, 31, 0, 1]
[1, 30, 0, 1]
[31, 31, 0, 1]
[30, 1, 1, 0]
[1, 29, 0, 1]
[31, 30, 0, 1]
[31, 13, 1, 0]
[30, 3, 1, 31]
[2, 1, 31, 0]
[29, 1, 1, 0]
[31, 29, 0, 1]
[19, 12, 0, 1]
[31, 14, 1, 31]
[18, 13, 1, 0]
[19, 9, 1, 0]
[30, 5, 1, 30]
[2, 3, 31, 31]
[29, 4, 1, 31]
[17, 13, 1, 0]
[31, 20, 1, 31]
[14, 31, 31, 1]
[31, 15, 1, 30]
[1, 14, 31, 31]
[18, 27, 1, 31]
[19, 22, 1, 31]
[3, 27, 31, 2]
[29, 30, 1, 1]
[30, 7, 1, 29]
[2, 5, 31, 30]
[26, 7, 19, 13]
[29, 7, 1, 30]
[3, 4, 31, 31]
[14, 17, 31, 2]
[5, 25, 30, 3]
[4, 25, 31, 2]
[28, 29, 1, 1]
[15, 28, 31, 31]
[16, 31, 29, 1]
[25, 27, 1, 30]
[7, 22, 30, 3]
[19, 9, 20, 9]
[29, 4, 30, 3]
[17, 13, 18, 13]
[29, 30, 30, 31]
[15, 28, 14, 27]
[25, 27, 26, 25]
