[1, 0, 0, 1]
[0, 1, 1, 0]
[1, 26, 0, 1]
[14, 0, 0, 1]
[1, 25, 0, 1]
[14, 26, 0, 1]
[0, 14, 1, 0]
[14, 13, 0, 1]
[25, 1, 1, 0]
[26, 14, 1, 0]
[0, 7, 1, 0]
[25, 3, 1, 26]
[24, 1, 1, 0]
[25, 14, 1, 0]
[26, 15, 1, 26]
[12, 14, 1, 0]
[26, 7, 1, 0]
[13, 7, 1, 0]
[0, 17, 1, 0]
[3, 25, 26, 1]
[25, 5, 1, 25]
[24, 4, 1, 26]
[23, 1, 1, 0]
[24, 14, 1, 0]
[25, 16, 1, 26]
[11, 14, 1, 0]
[26, 16, 1, 25]
[12, 2, 1, 26]
[6, 14, 14, 0]
[12, 7, 1, 0]
[26, 8, 1, 26]
[19, 7, 1, 0]
[13, 21, 1, 26]
[6, 7, 1, 0]
[0, 22, 1, 0]
[5, 25, 25, 1]
[4, 24, 26, 1]
[23, 5, 1, 26]
[22, 1, 1, 0]
[23, 14, 1, 0]
[16, 25, 26, 1]
[11, 7, 1, 0]
[16, 26, 25, 1]
[8, 26, 26, 1]
[26, 9, 1, 25]
[3, 7, 14, 0]
[6, 17, 1, 0]
[20, 24, 1, 26]
[3, 17, 1, 0]
[0, 11, 1, 0]
[5, 20, 25, 3]
[16, 12, 13, 14]
[21, 1, 1, 0]
[22, 14, 1, 0]
[9, 14, 1, 0]
[4, 7, 1, 0]
[9, 25, 26, 1]
[9, 26, 25, 1]
[19, 23, 1, 25]
[2, 17, 1, 0]
[18, 26, 26, 1]
[13, 11, 1, 0]
[19, 12, 12, 14]
[21, 14, 1, 0]
[4, 17, 1, 0]
[23, 6, 12, 14]
[23, 12, 6, 14]
[25, 6, 19, 7]
[1, 0, 21, 10]
[14, 0, 24, 10]
[1, 25, 21, 22]
[14, 13, 24, 13]
[26, 14, 16, 24]
[25, 14, 22, 24]
[26, 7, 16, 12]
[25, 5, 22, 4]
[26, 16, 16, 19]
[13, 21, 13, 26]
[5, 25, 4, 22]
[16, 25, 2, 22]
[20, 24, 25, 8]
[5, 20, 4, 18]
[16, 12, 7, 14]
[13, 11, 13, 15]
[19, 12, 6, 14]
[23, 6, 9, 23]
[23, 12, 3, 14]
[25, 6, 13, 7]
[26, 7, 19, 12]
[25, 5, 25, 25]
[26, 16, 19, 13]
[6, 7, 4, 12]
[3, 7, 2, 12]
[3, 17, 22, 6]
[2, 17, 1, 6]
[19, 12, 15, 2]
[23, 6, 18, 11]
[23, 12, 21, 2]
[25, 6, 16, 1]
[26, 15, 3, 11]
[26, 7, 3, 7]
[2, 17, 6, 17]
[25, 14, 15, 20]
[13, 7, 21, 10]
[25, 5, 15, 10]
[4, 7, 12, 10]
[13, 11, 21, 8]
[16, 12, 1, 14]
