[1, 0, 0, 1]
[1, 0, 81, 1]
[1, 0, 162, 1]
[1, 0, 27, 1]
[1, 0, 108, 1]
[1, 0, 189, 1]
[1, 0, 54, 1]
[1, 0, 135, 1]
[1, 0, 216, 1]
[1, 0, 0, 10]
[1, 0, 81, 10]
[1, 0, 162, 10]
[1, 0, 27, 10]
[1, 0, 108, 10]
[1, 0, 189, 10]
[1, 0, 54, 10]
[1, 0, 135, 10]
[1, 0, 216, 10]
[1, 0, 0, 19]
[1, 0, 81, 19]
[1, 0, 162, 19]
[1, 0, 27, 19]
[1, 0, 108, 19]
[1, 0, 189, 19]
[1, 0, 54, 19]
[1, 0, 135, 19]
[1, 0, 216, 19]
[1, 0, 9, 1]
[1, 0, 90, 1]
[1, 0, 171, 1]
[1, 0, 36, 1]
[1, 0, 117, 1]
[1, 0, 198, 1]
[1, 0, 63, 1]
[1, 0, 144, 1]
[1, 0, 225, 1]
[1, 0, 9, 10]
[1, 0, 90, 10]
[1, 0, 171, 10]
[1, 0, 36, 10]
[1, 0, 117, 10]
[1, 0, 198, 10]
[1, 0, 63, 10]
[1, 0, 144, 10]
[1, 0, 225, 10]
[1, 0, 9, 19]
[1, 0, 90, 19]
[1, 0, 171, 19]
[1, 0, 36, 19]
[1, 0, 117, 19]
[1, 0, 198, 19]
[1, 0, 63, 19]
[1, 0, 144, 19]
[1, 0, 225, 19]
[1, 0, 18, 1]
[1, 0, 99, 1]
[1, 0, 180, 1]
[1, 0, 45, 1]
[1, 0, 126, 1]
[1, 0, 207, 1]
[1, 0, 72, 1]
[1, 0, 153, 1]
[1, 0, 234, 1]
[1, 0, 18, 10]
[1, 0, 99, 10]
[1, 0, 180, 10]
[1, 0, 45, 10]
[1, 0, 126, 10]
[1, 0, 207, 10]
[1, 0, 72, 10]
[1, 0, 153, 10]
[1, 0, 234, 10]
[1, 0, 18, 19]
[1, 0, 99, 19]
[1, 0, 180, 19]
[1, 0, 45, 19]
[1, 0, 126, 19]
[1, 0, 207, 19]
[1, 0, 72, 19]
[1, 0, 153, 19]
[1, 0, 234, 19]
[1, 0, 0, 4]
[1, 0, 81, 4]
[1, 0, 162, 4]
[1, 0, 27, 4]
[1, 0, 108, 4]
[1, 0, 189, 4]
[1, 0, 54, 4]
[1, 0, 135, 4]
[1, 0, 216, 4]
[1, 0, 0, 13]
[1, 0, 81, 13]
[1, 0, 162, 13]
[1, 0, 27, 13]
[1, 0, 108, 13]
[1, 0, 189, 13]
[1, 0, 54, 13]
[1, 0, 135, 13]
[1, 0, 216, 13]
[1, 0, 0, 22]
[1, 0, 81, 22]
[1, 0, 162, 22]
[1, 0, 27, 22]
[1, 0, 108, 22]
[1, 0, 189, 22]
[1, 0, 54, 22]
[1, 0, 135, 22]
[1, 0, 216, 22]
[1, 0, 9, 4]
[1, 0, 90, 4]
[1, 0, 171, 4]
[1, 0, 36, 4]
[1, 0, 117, 4]
[1, 0, 198, 4]
[1, 0, 63, 4]
[1, 0, 144, 4]
[1, 0, 225, 4]
[1, 0, 9, 13]
[1, 0, 90, 13]
[1, 0, 171, 13]
[1, 0, 36, 13]
[1, 0, 117, 13]
[1, 0, 198, 13]
[1, 0, 63, 13]
[1, 0, 144, 13]
[1, 0, 225, 13]
[1, 0, 9, 22]
[1, 0, 90, 22]
[1, 0, 171, 22]
[1, 0, 36, 22]
[1, 0, 117, 22]
[1, 0, 198, 22]
[1, 0, 63, 22]
[1, 0, 144, 22]
[1, 0, 225, 22]
[1, 0, 18, 4]
[1, 0, 99, 4]
[1, 0, 180, 4]
[1, 0, 45, 4]
[1, 0, 126, 4]
[1, 0, 207, 4]
[1, 0, 72, 4]
[1, 0, 153, 4]
[1, 0, 234, 4]
[1, 0, 18, 13]
[1, 0, 99, 13]
[1, 0, 180, 13]
[1, 0, 45, 13]
[1, 0, 126, 13]
[1, 0, 207, 13]
[1, 0, 72, 13]
[1, 0, 153, 13]
[1, 0, 234, 13]
[1, 0, 18, 22]
[1, 0, 99, 22]
[1, 0, 180, 22]
[1, 0, 45, 22]
[1, 0, 126, 22]
[1, 0, 207, 22]
[1, 0, 72, 22]
[1, 0, 153, 22]
[1, 0, 234, 22]
[1, 0, 0, 7]
[1, 0, 81, 7]
[1, 0, 162, 7]
[1, 0, 27, 7]
[1, 0, 108, 7]
[1, 0, 189, 7]
[1, 0, 54, 7]
[1, 0, 135, 7]
[1, 0, 216, 7]
[1, 0, 0, 16]
[1, 0, 81, 16]
[1, 0, 162, 16]
[1, 0, 27, 16]
[1, 0, 108, 16]
[1, 0, 189, 16]
[1, 0, 54, 16]
[1, 0, 135, 16]
[1, 0, 216, 16]
[1, 0, 0, 25]
[1, 0, 81, 25]
[1, 0, 162, 25]
[1, 0, 27, 25]
[1, 0, 108, 25]
[1, 0, 189, 25]
[1, 0, 54, 25]
[1, 0, 135, 25]
[1, 0, 216, 25]
[1, 0, 9, 7]
[1, 0, 90, 7]
[1, 0, 171, 7]
[1, 0, 36, 7]
[1, 0, 117, 7]
[1, 0, 198, 7]
[1, 0, 63, 7]
[1, 0, 144, 7]
[1, 0, 225, 7]
[1, 0, 9, 16]
[1, 0, 90, 16]
[1, 0, 171, 16]
[1, 0, 36, 16]
[1, 0, 117, 16]
[1, 0, 198, 16]
[1, 0, 63, 16]
[1, 0, 144, 16]
[1, 0, 225, 16]
[1, 0, 9, 25]
[1, 0, 90, 25]
[1, 0, 171, 25]
[1, 0, 36, 25]
[1, 0, 117, 25]
[1, 0, 198, 25]
[1, 0, 63, 25]
[1, 0, 144, 25]
[1, 0, 225, 25]
[1, 0, 18, 7]
[1, 0, 99, 7]
[1, 0, 180, 7]
[1, 0, 45, 7]
[1, 0, 126, 7]
[1, 0, 207, 7]
[1, 0, 72, 7]
[1, 0, 153, 7]
[1, 0, 234, 7]
[1, 0, 18, 16]
[1, 0, 99, 16]
[1, 0, 180, 16]
[1, 0, 45, 16]
[1, 0, 126, 16]
[1, 0, 207, 16]
[1, 0, 72, 16]
[1, 0, 153, 16]
[1, 0, 234, 16]
[1, 0, 18, 25]
[1, 0, 99, 25]
[1, 0, 180, 25]
[1, 0, 45, 25]
[1, 0, 126, 25]
[1, 0, 207, 25]
[1, 0, 72, 25]
[1, 0, 153, 25]
[1, 0, 234, 25]
[1, 0, 3, 1]
[1, 0, 84, 1]
[1, 0, 165, 1]
[1, 0, 30, 1]
[1, 0, 111, 1]
[1, 0, 192, 1]
[1, 0, 57, 1]
[1, 0, 138, 1]
[1, 0, 219, 1]
[1, 0, 3, 10]
[1, 0, 84, 10]
[1, 0, 165, 10]
[1, 0, 30, 10]
[1, 0, 111, 10]
[1, 0, 192, 10]
[1, 0, 57, 10]
[1, 0, 138, 10]
[1, 0, 219, 10]
[1, 0, 3, 19]
[1, 0, 84, 19]
[1, 0, 165, 19]
[1, 0, 30, 19]
[1, 0, 111, 19]
[1, 0, 192, 19]
[1, 0, 57, 19]
[1, 0, 138, 19]
[1, 0, 219, 19]
[1, 0, 12, 1]
[1, 0, 93, 1]
[1, 0, 174, 1]
[1, 0, 39, 1]
[1, 0, 120, 1]
[1, 0, 201, 1]
[1, 0, 66, 1]
[1, 0, 147, 1]
[1, 0, 228, 1]
[1, 0, 12, 10]
[1, 0, 93, 10]
[1, 0, 174, 10]
[1, 0, 39, 10]
[1, 0, 120, 10]
[1, 0, 201, 10]
[1, 0, 66, 10]
[1, 0, 147, 10]
[1, 0, 228, 10]
[1, 0, 12, 19]
[1, 0, 93, 19]
[1, 0, 174, 19]
[1, 0, 39, 19]
[1, 0, 120, 19]
[1, 0, 201, 19]
[1, 0, 66, 19]
[1, 0, 147, 19]
[1, 0, 228, 19]
[1, 0, 21, 1]
[1, 0, 102, 1]
[1, 0, 183, 1]
[1, 0, 48, 1]
[1, 0, 129, 1]
[1, 0, 210, 1]
[1, 0, 75, 1]
[1, 0, 156, 1]
[1, 0, 237, 1]
[1, 0, 21, 10]
[1, 0, 102, 10]
[1, 0, 183, 10]
[1, 0, 48, 10]
[1, 0, 129, 10]
[1, 0, 210, 10]
[1, 0, 75, 10]
[1, 0, 156, 10]
[1, 0, 237, 10]
[1, 0, 21, 19]
[1, 0, 102, 19]
[1, 0, 183, 19]
[1, 0, 48, 19]
[1, 0, 129, 19]
[1, 0, 210, 19]
[1, 0, 75, 19]
[1, 0, 156, 19]
[1, 0, 237, 19]
[1, 0, 3, 4]
[1, 0, 84, 4]
[1, 0, 165, 4]
[1, 0, 30, 4]
[1, 0, 111, 4]
[1, 0, 192, 4]
[1, 0, 57, 4]
[1, 0, 138, 4]
[1, 0, 219, 4]
[1, 0, 3, 13]
[1, 0, 84, 13]
[1, 0, 165, 13]
[1, 0, 30, 13]
[1, 0, 111, 13]
[1, 0, 192, 13]
[1, 0, 57, 13]
[1, 0, 138, 13]
[1, 0, 219, 13]
[1, 0, 3, 22]
[1, 0, 84, 22]
[1, 0, 165, 22]
[1, 0, 30, 22]
[1, 0, 111, 22]
[1, 0, 192, 22]
[1, 0, 57, 22]
[1, 0, 138, 22]
[1, 0, 219, 22]
[1, 0, 12, 4]
[1, 0, 93, 4]
[1, 0, 174, 4]
[1, 0, 39, 4]
[1, 0, 120, 4]
[1, 0, 201, 4]
[1, 0, 66, 4]
[1, 0, 147, 4]
[1, 0, 228, 4]
[1, 0, 12, 13]
[1, 0, 93, 13]
[1, 0, 174, 13]
[1, 0, 39, 13]
[1, 0, 120, 13]
[1, 0, 201, 13]
[1, 0, 66, 13]
[1, 0, 147, 13]
[1, 0, 228, 13]
[1, 0, 12, 22]
[1, 0, 93, 22]
[1, 0, 174, 22]
[1, 0, 39, 22]
[1, 0, 120, 22]
[1, 0, 201, 22]
[1, 0, 66, 22]
[1, 0, 147, 22]
[1, 0, 228, 22]
[1, 0, 21, 4]
[1, 0, 102, 4]
[1, 0, 183, 4]
[1, 0, 48, 4]
[1, 0, 129, 4]
[1, 0, 210, 4]
[1, 0, 75, 4]
[1, 0, 156, 4]
[1, 0, 237, 4]
[1, 0, 21, 13]
[1, 0, 102, 13]
[1, 0, 183, 13]
[1, 0, 48, 13]
[1, 0, 129, 13]
[1, 0, 210, 13]
[1, 0, 75, 13]
[1, 0, 156, 13]
[1, 0, 237, 13]
[1, 0, 21, 22]
[1, 0, 102, 22]
[1, 0, 183, 22]
[1, 0, 48, 22]
[1, 0, 129, 22]
[1, 0, 210, 22]
[1, 0, 75, 22]
[1, 0, 156, 22]
[1, 0, 237, 22]
[1, 0, 3, 7]
[1, 0, 84, 7]
[1, 0, 165, 7]
[1, 0, 30, 7]
[1, 0, 111, 7]
[1, 0, 192, 7]
[1, 0, 57, 7]
[1, 0, 138, 7]
[1, 0, 219, 7]
[1, 0, 3, 16]
[1, 0, 84, 16]
[1, 0, 165, 16]
[1, 0, 30, 16]
[1, 0, 111, 16]
[1, 0, 192, 16]
[1, 0, 57, 16]
[1, 0, 138, 16]
[1, 0, 219, 16]
[1, 0, 3, 25]
[1, 0, 84, 25]
[1, 0, 165, 25]
[1, 0, 30, 25]
[1, 0, 111, 25]
[1, 0, 192, 25]
[1, 0, 57, 25]
[1, 0, 138, 25]
[1, 0, 219, 25]
[1, 0, 12, 7]
[1, 0, 93, 7]
[1, 0, 174, 7]
[1, 0, 39, 7]
[1, 0, 120, 7]
[1, 0, 201, 7]
[1, 0, 66, 7]
[1, 0, 147, 7]
[1, 0, 228, 7]
[1, 0, 12, 16]
[1, 0, 93, 16]
[1, 0, 174, 16]
[1, 0, 39, 16]
[1, 0, 120, 16]
[1, 0, 201, 16]
[1, 0, 66, 16]
[1, 0, 147, 16]
[1, 0, 228, 16]
[1, 0, 12, 25]
[1, 0, 93, 25]
[1, 0, 174, 25]
[1, 0, 39, 25]
[1, 0, 120, 25]
[1, 0, 201, 25]
[1, 0, 66, 25]
[1, 0, 147, 25]
[1, 0, 228, 25]
[1, 0, 21, 7]
[1, 0, 102, 7]
[1, 0, 183, 7]
[1, 0, 48, 7]
[1, 0, 129, 7]
[1, 0, 210, 7]
[1, 0, 75, 7]
[1, 0, 156, 7]
[1, 0, 237, 7]
[1, 0, 21, 16]
[1, 0, 102, 16]
[1, 0, 183, 16]
[1, 0, 48, 16]
[1, 0, 129, 16]
[1, 0, 210, 16]
[1, 0, 75, 16]
[1, 0, 156, 16]
[1, 0, 237, 16]
[1, 0, 21, 25]
[1, 0, 102, 25]
[1, 0, 183, 25]
[1, 0, 48, 25]
[1, 0, 129, 25]
[1, 0, 210, 25]
[1, 0, 75, 25]
[1, 0, 156, 25]
[1, 0, 237, 25]
[1, 0, 6, 1]
[1, 0, 87, 1]
[1, 0, 168, 1]
[1, 0, 33, 1]
[1, 0, 114, 1]
[1, 0, 195, 1]
[1, 0, 60, 1]
[1, 0, 141, 1]
[1, 0, 222, 1]
[1, 0, 6, 10]
[1, 0, 87, 10]
[1, 0, 168, 10]
[1, 0, 33, 10]
[1, 0, 114, 10]
[1, 0, 195, 10]
[1, 0, 60, 10]
[1, 0, 141, 10]
[1, 0, 222, 10]
[1, 0, 6, 19]
[1, 0, 87, 19]
[1, 0, 168, 19]
[1, 0, 33, 19]
[1, 0, 114, 19]
[1, 0, 195, 19]
[1, 0, 60, 19]
[1, 0, 141, 19]
[1, 0, 222, 19]
[1, 0, 15, 1]
[1, 0, 96, 1]
[1, 0, 177, 1]
[1, 0, 42, 1]
[1, 0, 123, 1]
[1, 0, 204, 1]
[1, 0, 69, 1]
[1, 0, 150, 1]
[1, 0, 231, 1]
[1, 0, 15, 10]
[1, 0, 96, 10]
[1, 0, 177, 10]
[1, 0, 42, 10]
[1, 0, 123, 10]
[1, 0, 204, 10]
[1, 0, 69, 10]
[1, 0, 150, 10]
[1, 0, 231, 10]
[1, 0, 15, 19]
[1, 0, 96, 19]
[1, 0, 177, 19]
[1, 0, 42, 19]
[1, 0, 123, 19]
[1, 0, 204, 19]
[1, 0, 69, 19]
[1, 0, 150, 19]
[1, 0, 231, 19]
[1, 0, 24, 1]
[1, 0, 105, 1]
[1, 0, 186, 1]
[1, 0, 51, 1]
[1, 0, 132, 1]
[1, 0, 213, 1]
[1, 0, 78, 1]
[1, 0, 159, 1]
[1, 0, 240, 1]
[1, 0, 24, 10]
[1, 0, 105, 10]
[1, 0, 186, 10]
[1, 0, 51, 10]
[1, 0, 132, 10]
[1, 0, 213, 10]
[1, 0, 78, 10]
[1, 0, 159, 10]
[1, 0, 240, 10]
[1, 0, 24, 19]
[1, 0, 105, 19]
[1, 0, 186, 19]
[1, 0, 51, 19]
[1, 0, 132, 19]
[1, 0, 213, 19]
[1, 0, 78, 19]
[1, 0, 159, 19]
[1, 0, 240, 19]
[1, 0, 6, 4]
[1, 0, 87, 4]
[1, 0, 168, 4]
[1, 0, 33, 4]
[1, 0, 114, 4]
[1, 0, 195, 4]
[1, 0, 60, 4]
[1, 0, 141, 4]
[1, 0, 222, 4]
[1, 0, 6, 13]
[1, 0, 87, 13]
[1, 0, 168, 13]
[1, 0, 33, 13]
[1, 0, 114, 13]
[1, 0, 195, 13]
[1, 0, 60, 13]
[1, 0, 141, 13]
[1, 0, 222, 13]
[1, 0, 6, 22]
[1, 0, 87, 22]
[1, 0, 168, 22]
[1, 0, 33, 22]
[1, 0, 114, 22]
[1, 0, 195, 22]
[1, 0, 60, 22]
[1, 0, 141, 22]
[1, 0, 222, 22]
[1, 0, 15, 4]
[1, 0, 96, 4]
[1, 0, 177, 4]
[1, 0, 42, 4]
[1, 0, 123, 4]
[1, 0, 204, 4]
[1, 0, 69, 4]
[1, 0, 150, 4]
[1, 0, 231, 4]
[1, 0, 15, 13]
[1, 0, 96, 13]
[1, 0, 177, 13]
[1, 0, 42, 13]
[1, 0, 123, 13]
[1, 0, 204, 13]
[1, 0, 69, 13]
[1, 0, 150, 13]
[1, 0, 231, 13]
[1, 0, 15, 22]
[1, 0, 96, 22]
[1, 0, 177, 22]
[1, 0, 42, 22]
[1, 0, 123, 22]
[1, 0, 204, 22]
[1, 0, 69, 22]
[1, 0, 150, 22]
[1, 0, 231, 22]
[1, 0, 24, 4]
[1, 0, 105, 4]
[1, 0, 186, 4]
[1, 0, 51, 4]
[1, 0, 132, 4]
[1, 0, 213, 4]
[1, 0, 78, 4]
[1, 0, 159, 4]
[1, 0, 240, 4]
[1, 0, 24, 13]
[1, 0, 105, 13]
[1, 0, 186, 13]
[1, 0, 51, 13]
[1, 0, 132, 13]
[1, 0, 213, 13]
[1, 0, 78, 13]
[1, 0, 159, 13]
[1, 0, 240, 13]
[1, 0, 24, 22]
[1, 0, 105, 22]
[1, 0, 186, 22]
[1, 0, 51, 22]
[1, 0, 132, 22]
[1, 0, 213, 22]
[1, 0, 78, 22]
[1, 0, 159, 22]
[1, 0, 240, 22]
[1, 0, 6, 7]
[1, 0, 87, 7]
[1, 0, 168, 7]
[1, 0, 33, 7]
[1, 0, 114, 7]
[1, 0, 195, 7]
[1, 0, 60, 7]
[1, 0, 141, 7]
[1, 0, 222, 7]
[1, 0, 6, 16]
[1, 0, 87, 16]
[1, 0, 168, 16]
[1, 0, 33, 16]
[1, 0, 114, 16]
[1, 0, 195, 16]
[1, 0, 60, 16]
[1, 0, 141, 16]
[1, 0, 222, 16]
[1, 0, 6, 25]
[1, 0, 87, 25]
[1, 0, 168, 25]
[1, 0, 33, 25]
[1, 0, 114, 25]
[1, 0, 195, 25]
[1, 0, 60, 25]
[1, 0, 141, 25]
[1, 0, 222, 25]
[1, 0, 15, 7]
[1, 0, 96, 7]
[1, 0, 177, 7]
[1, 0, 42, 7]
[1, 0, 123, 7]
[1, 0, 204, 7]
[1, 0, 69, 7]
[1, 0, 150, 7]
[1, 0, 231, 7]
[1, 0, 15, 16]
[1, 0, 96, 16]
[1, 0, 177, 16]
[1, 0, 42, 16]
[1, 0, 123, 16]
[1, 0, 204, 16]
[1, 0, 69, 16]
[1, 0, 150, 16]
[1, 0, 231, 16]
[1, 0, 15, 25]
[1, 0, 96, 25]
[1, 0, 177, 25]
[1, 0, 42, 25]
[1, 0, 123, 25]
[1, 0, 204, 25]
[1, 0, 69, 25]
[1, 0, 150, 25]
[1, 0, 231, 25]
[1, 0, 24, 7]
[1, 0, 105, 7]
[1, 0, 186, 7]
[1, 0, 51, 7]
[1, 0, 132, 7]
[1, 0, 213, 7]
[1, 0, 78, 7]
[1, 0, 159, 7]
[1, 0, 240, 7]
[1, 0, 24, 16]
[1, 0, 105, 16]
[1, 0, 186, 16]
[1, 0, 51, 16]
[1, 0, 132, 16]
[1, 0, 213, 16]
[1, 0, 78, 16]
[1, 0, 159, 16]
[1, 0, 240, 16]
[1, 0, 24, 25]
[1, 0, 105, 25]
[1, 0, 186, 25]
[1, 0, 51, 25]
[1, 0, 132, 25]
[1, 0, 213, 25]
[1, 0, 78, 25]
[1, 0, 159, 25]
[1, 0, 240, 25]
[0, 2, 1, 2]
[162, 2, 163, 2]
[81, 2, 82, 2]
[54, 2, 55, 2]
[216, 2, 217, 2]
[135, 2, 136, 2]
[27, 2, 28, 2]
[189, 2, 190, 2]
[108, 2, 109, 2]
[0, 20, 1, 20]
[162, 20, 163, 20]
[81, 20, 82, 20]
[54, 20, 55, 20]
[216, 20, 217, 20]
[135, 20, 136, 20]
[27, 20, 28, 20]
[189, 20, 190, 20]
[108, 20, 109, 20]
[0, 11, 1, 11]
[162, 11, 163, 11]
[81, 11, 82, 11]
[54, 11, 55, 11]
[216, 11, 217, 11]
[135, 11, 136, 11]
[27, 11, 28, 11]
[189, 11, 190, 11]
[108, 11, 109, 11]
[18, 2, 19, 2]
[180, 2, 181, 2]
[99, 2, 100, 2]
[72, 2, 73, 2]
[234, 2, 235, 2]
[153, 2, 154, 2]
[45, 2, 46, 2]
[207, 2, 208, 2]
[126, 2, 127, 2]
[18, 20, 19, 20]
[180, 20, 181, 20]
[99, 20, 100, 20]
[72, 20, 73, 20]
[234, 20, 235, 20]
[153, 20, 154, 20]
[45, 20, 46, 20]
[207, 20, 208, 20]
[126, 20, 127, 20]
[18, 11, 19, 11]
[180, 11, 181, 11]
[99, 11, 100, 11]
[72, 11, 73, 11]
[234, 11, 235, 11]
[153, 11, 154, 11]
[45, 11, 46, 11]
[207, 11, 208, 11]
[126, 11, 127, 11]
[9, 2, 10, 2]
[171, 2, 172, 2]
[90, 2, 91, 2]
[63, 2, 64, 2]
[225, 2, 226, 2]
[144, 2, 145, 2]
[36, 2, 37, 2]
[198, 2, 199, 2]
[117, 2, 118, 2]
[9, 20, 10, 20]
[171, 20, 172, 20]
[90, 20, 91, 20]
[63, 20, 64, 20]
[225, 20, 226, 20]
[144, 20, 145, 20]
[36, 20, 37, 20]
[198, 20, 199, 20]
[117, 20, 118, 20]
[9, 11, 10, 11]
[171, 11, 172, 11]
[90, 11, 91, 11]
[63, 11, 64, 11]
[225, 11, 226, 11]
[144, 11, 145, 11]
[36, 11, 37, 11]
[198, 11, 199, 11]
[117, 11, 118, 11]
[0, 8, 1, 8]
[162, 8, 163, 8]
[81, 8, 82, 8]
[54, 8, 55, 8]
[216, 8, 217, 8]
[135, 8, 136, 8]
[27, 8, 28, 8]
[189, 8, 190, 8]
[108, 8, 109, 8]
[0, 26, 1, 26]
[162, 26, 163, 26]
[81, 26, 82, 26]
[54, 26, 55, 26]
[216, 26, 217, 26]
[135, 26, 136, 26]
[27, 26, 28, 26]
[189, 26, 190, 26]
[108, 26, 109, 26]
[0, 17, 1, 17]
[162, 17, 163, 17]
[81, 17, 82, 17]
[54, 17, 55, 17]
[216, 17, 217, 17]
[135, 17, 136, 17]
[27, 17, 28, 17]
[189, 17, 190, 17]
[108, 17, 109, 17]
[18, 8, 19, 8]
[180, 8, 181, 8]
[99, 8, 100, 8]
[72, 8, 73, 8]
[234, 8, 235, 8]
[153, 8, 154, 8]
[45, 8, 46, 8]
[207, 8, 208, 8]
[126, 8, 127, 8]
[18, 26, 19, 26]
[180, 26, 181, 26]
[99, 26, 100, 26]
[72, 26, 73, 26]
[234, 26, 235, 26]
[153, 26, 154, 26]
[45, 26, 46, 26]
[207, 26, 208, 26]
[126, 26, 127, 26]
[18, 17, 19, 17]
[180, 17, 181, 17]
[99, 17, 100, 17]
[72, 17, 73, 17]
[234, 17, 235, 17]
[153, 17, 154, 17]
[45, 17, 46, 17]
[207, 17, 208, 17]
[126, 17, 127, 17]
[9, 8, 10, 8]
[171, 8, 172, 8]
[90, 8, 91, 8]
[63, 8, 64, 8]
[225, 8, 226, 8]
[144, 8, 145, 8]
[36, 8, 37, 8]
[198, 8, 199, 8]
[117, 8, 118, 8]
[9, 26, 10, 26]
[171, 26, 172, 26]
[90, 26, 91, 26]
[63, 26, 64, 26]
[225, 26, 226, 26]
[144, 26, 145, 26]
[36, 26, 37, 26]
[198, 26, 199, 26]
[117, 26, 118, 26]
[9, 17, 10, 17]
[171, 17, 172, 17]
[90, 17, 91, 17]
[63, 17, 64, 17]
[225, 17, 226, 17]
[144, 17, 145, 17]
[36, 17, 37, 17]
[198, 17, 199, 17]
[117, 17, 118, 17]
[0, 5, 1, 5]
[162, 5, 163, 5]
[81, 5, 82, 5]
[54, 5, 55, 5]
[216, 5, 217, 5]
[135, 5, 136, 5]
[27, 5, 28, 5]
[189, 5, 190, 5]
[108, 5, 109, 5]
[0, 23, 1, 23]
[162, 23, 163, 23]
[81, 23, 82, 23]
[54, 23, 55, 23]
[216, 23, 217, 23]
[135, 23, 136, 23]
[27, 23, 28, 23]
[189, 23, 190, 23]
[108, 23, 109, 23]
[0, 14, 1, 14]
[162, 14, 163, 14]
[81, 14, 82, 14]
[54, 14, 55, 14]
[216, 14, 217, 14]
[135, 14, 136, 14]
[27, 14, 28, 14]
[189, 14, 190, 14]
[108, 14, 109, 14]
[18, 5, 19, 5]
[180, 5, 181, 5]
[99, 5, 100, 5]
[72, 5, 73, 5]
[234, 5, 235, 5]
[153, 5, 154, 5]
[45, 5, 46, 5]
[207, 5, 208, 5]
[126, 5, 127, 5]
[18, 23, 19, 23]
[180, 23, 181, 23]
[99, 23, 100, 23]
[72, 23, 73, 23]
[234, 23, 235, 23]
[153, 23, 154, 23]
[45, 23, 46, 23]
[207, 23, 208, 23]
[126, 23, 127, 23]
[18, 14, 19, 14]
[180, 14, 181, 14]
[99, 14, 100, 14]
[72, 14, 73, 14]
[234, 14, 235, 14]
[153, 14, 154, 14]
[45, 14, 46, 14]
[207, 14, 208, 14]
[126, 14, 127, 14]
[9, 5, 10, 5]
[171, 5, 172, 5]
[90, 5, 91, 5]
[63, 5, 64, 5]
[225, 5, 226, 5]
[144, 5, 145, 5]
[36, 5, 37, 5]
[198, 5, 199, 5]
[117, 5, 118, 5]
[9, 23, 10, 23]
[171, 23, 172, 23]
[90, 23, 91, 23]
[63, 23, 64, 23]
[225, 23, 226, 23]
[144, 23, 145, 23]
[36, 23, 37, 23]
[198, 23, 199, 23]
[117, 23, 118, 23]
[9, 14, 10, 14]
[171, 14, 172, 14]
[90, 14, 91, 14]
[63, 14, 64, 14]
[225, 14, 226, 14]
[144, 14, 145, 14]
[36, 14, 37, 14]
[198, 14, 199, 14]
[117, 14, 118, 14]
[6, 2, 7, 2]
[168, 2, 169, 2]
[87, 2, 88, 2]
[60, 2, 61, 2]
[222, 2, 223, 2]
[141, 2, 142, 2]
[33, 2, 34, 2]
[195, 2, 196, 2]
[114, 2, 115, 2]
[6, 20, 7, 20]
[168, 20, 169, 20]
[87, 20, 88, 20]
[60, 20, 61, 20]
[222, 20, 223, 20]
[141, 20, 142, 20]
[33, 20, 34, 20]
[195, 20, 196, 20]
[114, 20, 115, 20]
[6, 11, 7, 11]
[168, 11, 169, 11]
[87, 11, 88, 11]
[60, 11, 61, 11]
[222, 11, 223, 11]
[141, 11, 142, 11]
[33, 11, 34, 11]
[195, 11, 196, 11]
[114, 11, 115, 11]
[24, 2, 25, 2]
[186, 2, 187, 2]
[105, 2, 106, 2]
[78, 2, 79, 2]
[240, 2, 241, 2]
[159, 2, 160, 2]
[51, 2, 52, 2]
[213, 2, 214, 2]
[132, 2, 133, 2]
[24, 20, 25, 20]
[186, 20, 187, 20]
[105, 20, 106, 20]
[78, 20, 79, 20]
[240, 20, 241, 20]
[159, 20, 160, 20]
[51, 20, 52, 20]
[213, 20, 214, 20]
[132, 20, 133, 20]
[24, 11, 25, 11]
[186, 11, 187, 11]
[105, 11, 106, 11]
[78, 11, 79, 11]
[240, 11, 241, 11]
[159, 11, 160, 11]
[51, 11, 52, 11]
[213, 11, 214, 11]
[132, 11, 133, 11]
[15, 2, 16, 2]
[177, 2, 178, 2]
[96, 2, 97, 2]
[69, 2, 70, 2]
[231, 2, 232, 2]
[150, 2, 151, 2]
[42, 2, 43, 2]
[204, 2, 205, 2]
[123, 2, 124, 2]
[15, 20, 16, 20]
[177, 20, 178, 20]
[96, 20, 97, 20]
[69, 20, 70, 20]
[231, 20, 232, 20]
[150, 20, 151, 20]
[42, 20, 43, 20]
[204, 20, 205, 20]
[123, 20, 124, 20]
[15, 11, 16, 11]
[177, 11, 178, 11]
[96, 11, 97, 11]
[69, 11, 70, 11]
[231, 11, 232, 11]
[150, 11, 151, 11]
[42, 11, 43, 11]
[204, 11, 205, 11]
[123, 11, 124, 11]
[6, 8, 7, 8]
[168, 8, 169, 8]
[87, 8, 88, 8]
[60, 8, 61, 8]
[222, 8, 223, 8]
[141, 8, 142, 8]
[33, 8, 34, 8]
[195, 8, 196, 8]
[114, 8, 115, 8]
[6, 26, 7, 26]
[168, 26, 169, 26]
[87, 26, 88, 26]
[60, 26, 61, 26]
[222, 26, 223, 26]
[141, 26, 142, 26]
[33, 26, 34, 26]
[195, 26, 196, 26]
[114, 26, 115, 26]
[6, 17, 7, 17]
[168, 17, 169, 17]
[87, 17, 88, 17]
[60, 17, 61, 17]
[222, 17, 223, 17]
[141, 17, 142, 17]
[33, 17, 34, 17]
[195, 17, 196, 17]
[114, 17, 115, 17]
[24, 8, 25, 8]
[186, 8, 187, 8]
[105, 8, 106, 8]
[78, 8, 79, 8]
[240, 8, 241, 8]
[159, 8, 160, 8]
[51, 8, 52, 8]
[213, 8, 214, 8]
[132, 8, 133, 8]
[24, 26, 25, 26]
[186, 26, 187, 26]
[105, 26, 106, 26]
[78, 26, 79, 26]
[240, 26, 241, 26]
[159, 26, 160, 26]
[51, 26, 52, 26]
[213, 26, 214, 26]
[132, 26, 133, 26]
[24, 17, 25, 17]
[186, 17, 187, 17]
[105, 17, 106, 17]
[78, 17, 79, 17]
[240, 17, 241, 17]
[159, 17, 160, 17]
[51, 17, 52, 17]
[213, 17, 214, 17]
[132, 17, 133, 17]
[15, 8, 16, 8]
[177, 8, 178, 8]
[96, 8, 97, 8]
[69, 8, 70, 8]
[231, 8, 232, 8]
[150, 8, 151, 8]
[42, 8, 43, 8]
[204, 8, 205, 8]
[123, 8, 124, 8]
[15, 26, 16, 26]
[177, 26, 178, 26]
[96, 26, 97, 26]
[69, 26, 70, 26]
[231, 26, 232, 26]
[150, 26, 151, 26]
[42, 26, 43, 26]
[204, 26, 205, 26]
[123, 26, 124, 26]
[15, 17, 16, 17]
[177, 17, 178, 17]
[96, 17, 97, 17]
[69, 17, 70, 17]
[231, 17, 232, 17]
[150, 17, 151, 17]
[42, 17, 43, 17]
[204, 17, 205, 17]
[123, 17, 124, 17]
[6, 5, 7, 5]
[168, 5, 169, 5]
[87, 5, 88, 5]
[60, 5, 61, 5]
[222, 5, 223, 5]
[141, 5, 142, 5]
[33, 5, 34, 5]
[195, 5, 196, 5]
[114, 5, 115, 5]
[6, 23, 7, 23]
[168, 23, 169, 23]
[87, 23, 88, 23]
[60, 23, 61, 23]
[222, 23, 223, 23]
[141, 23, 142, 23]
[33, 23, 34, 23]
[195, 23, 196, 23]
[114, 23, 115, 23]
[6, 14, 7, 14]
[168, 14, 169, 14]
[87, 14, 88, 14]
[60, 14, 61, 14]
[222, 14, 223, 14]
[141, 14, 142, 14]
[33, 14, 34, 14]
[195, 14, 196, 14]
[114, 14, 115, 14]
[24, 5, 25, 5]
[186, 5, 187, 5]
[105, 5, 106, 5]
[78, 5, 79, 5]
[240, 5, 241, 5]
[159, 5, 160, 5]
[51, 5, 52, 5]
[213, 5, 214, 5]
[132, 5, 133, 5]
[24, 23, 25, 23]
[186, 23, 187, 23]
[105, 23, 106, 23]
[78, 23, 79, 23]
[240, 23, 241, 23]
[159, 23, 160, 23]
[51, 23, 52, 23]
[213, 23, 214, 23]
[132, 23, 133, 23]
[24, 14, 25, 14]
[186, 14, 187, 14]
[105, 14, 106, 14]
[78, 14, 79, 14]
[240, 14, 241, 14]
[159, 14, 160, 14]
[51, 14, 52, 14]
[213, 14, 214, 14]
[132, 14, 133, 14]
[15, 5, 16, 5]
[177, 5, 178, 5]
[96, 5, 97, 5]
[69, 5, 70, 5]
[231, 5, 232, 5]
[150, 5, 151, 5]
[42, 5, 43, 5]
[204, 5, 205, 5]
[123, 5, 124, 5]
[15, 23, 16, 23]
[177, 23, 178, 23]
[96, 23, 97, 23]
[69, 23, 70, 23]
[231, 23, 232, 23]
[150, 23, 151, 23]
[42, 23, 43, 23]
[204, 23, 205, 23]
[123, 23, 124, 23]
[15, 14, 16, 14]
[177, 14, 178, 14]
[96, 14, 97, 14]
[69, 14, 70, 14]
[231, 14, 232, 14]
[150, 14, 151, 14]
[42, 14, 43, 14]
[204, 14, 205, 14]
[123, 14, 124, 14]
[3, 2, 4, 2]
[165, 2, 166, 2]
[84, 2, 85, 2]
[57, 2, 58, 2]
[219, 2, 220, 2]
[138, 2, 139, 2]
[30, 2, 31, 2]
[192, 2, 193, 2]
[111, 2, 112, 2]
[3, 20, 4, 20]
[165, 20, 166, 20]
[84, 20, 85, 20]
[57, 20, 58, 20]
[219, 20, 220, 20]
[138, 20, 139, 20]
[30, 20, 31, 20]
[192, 20, 193, 20]
[111, 20, 112, 20]
[3, 11, 4, 11]
[165, 11, 166, 11]
[84, 11, 85, 11]
[57, 11, 58, 11]
[219, 11, 220, 11]
[138, 11, 139, 11]
[30, 11, 31, 11]
[192, 11, 193, 11]
[111, 11, 112, 11]
[21, 2, 22, 2]
[183, 2, 184, 2]
[102, 2, 103, 2]
[75, 2, 76, 2]
[237, 2, 238, 2]
[156, 2, 157, 2]
[48, 2, 49, 2]
[210, 2, 211, 2]
[129, 2, 130, 2]
[21, 20, 22, 20]
[183, 20, 184, 20]
[102, 20, 103, 20]
[75, 20, 76, 20]
[237, 20, 238, 20]
[156, 20, 157, 20]
[48, 20, 49, 20]
[210, 20, 211, 20]
[129, 20, 130, 20]
[21, 11, 22, 11]
[183, 11, 184, 11]
[102, 11, 103, 11]
[75, 11, 76, 11]
[237, 11, 238, 11]
[156, 11, 157, 11]
[48, 11, 49, 11]
[210, 11, 211, 11]
[129, 11, 130, 11]
[12, 2, 13, 2]
[174, 2, 175, 2]
[93, 2, 94, 2]
[66, 2, 67, 2]
[228, 2, 229, 2]
[147, 2, 148, 2]
[39, 2, 40, 2]
[201, 2, 202, 2]
[120, 2, 121, 2]
[12, 20, 13, 20]
[174, 20, 175, 20]
[93, 20, 94, 20]
[66, 20, 67, 20]
[228, 20, 229, 20]
[147, 20, 148, 20]
[39, 20, 40, 20]
[201, 20, 202, 20]
[120, 20, 121, 20]
[12, 11, 13, 11]
[174, 11, 175, 11]
[93, 11, 94, 11]
[66, 11, 67, 11]
[228, 11, 229, 11]
[147, 11, 148, 11]
[39, 11, 40, 11]
[201, 11, 202, 11]
[120, 11, 121, 11]
[3, 8, 4, 8]
[165, 8, 166, 8]
[84, 8, 85, 8]
[57, 8, 58, 8]
[219, 8, 220, 8]
[138, 8, 139, 8]
[30, 8, 31, 8]
[192, 8, 193, 8]
[111, 8, 112, 8]
[3, 26, 4, 26]
[165, 26, 166, 26]
[84, 26, 85, 26]
[57, 26, 58, 26]
[219, 26, 220, 26]
[138, 26, 139, 26]
[30, 26, 31, 26]
[192, 26, 193, 26]
[111, 26, 112, 26]
[3, 17, 4, 17]
[165, 17, 166, 17]
[84, 17, 85, 17]
[57, 17, 58, 17]
[219, 17, 220, 17]
[138, 17, 139, 17]
[30, 17, 31, 17]
[192, 17, 193, 17]
[111, 17, 112, 17]
[21, 8, 22, 8]
[183, 8, 184, 8]
[102, 8, 103, 8]
[75, 8, 76, 8]
[237, 8, 238, 8]
[156, 8, 157, 8]
[48, 8, 49, 8]
[210, 8, 211, 8]
[129, 8, 130, 8]
[21, 26, 22, 26]
[183, 26, 184, 26]
[102, 26, 103, 26]
[75, 26, 76, 26]
[237, 26, 238, 26]
[156, 26, 157, 26]
[48, 26, 49, 26]
[210, 26, 211, 26]
[129, 26, 130, 26]
[21, 17, 22, 17]
[183, 17, 184, 17]
[102, 17, 103, 17]
[75, 17, 76, 17]
[237, 17, 238, 17]
[156, 17, 157, 17]
[48, 17, 49, 17]
[210, 17, 211, 17]
[129, 17, 130, 17]
[12, 8, 13, 8]
[174, 8, 175, 8]
[93, 8, 94, 8]
[66, 8, 67, 8]
[228, 8, 229, 8]
[147, 8, 148, 8]
[39, 8, 40, 8]
[201, 8, 202, 8]
[120, 8, 121, 8]
[12, 26, 13, 26]
[174, 26, 175, 26]
[93, 26, 94, 26]
[66, 26, 67, 26]
[228, 26, 229, 26]
[147, 26, 148, 26]
[39, 26, 40, 26]
[201, 26, 202, 26]
[120, 26, 121, 26]
[12, 17, 13, 17]
[174, 17, 175, 17]
[93, 17, 94, 17]
[66, 17, 67, 17]
[228, 17, 229, 17]
[147, 17, 148, 17]
[39, 17, 40, 17]
[201, 17, 202, 17]
[120, 17, 121, 17]
[3, 5, 4, 5]
[165, 5, 166, 5]
[84, 5, 85, 5]
[57, 5, 58, 5]
[219, 5, 220, 5]
[138, 5, 139, 5]
[30, 5, 31, 5]
[192, 5, 193, 5]
[111, 5, 112, 5]
[3, 23, 4, 23]
[165, 23, 166, 23]
[84, 23, 85, 23]
[57, 23, 58, 23]
[219, 23, 220, 23]
[138, 23, 139, 23]
[30, 23, 31, 23]
[192, 23, 193, 23]
[111, 23, 112, 23]
[3, 14, 4, 14]
[165, 14, 166, 14]
[84, 14, 85, 14]
[57, 14, 58, 14]
[219, 14, 220, 14]
[138, 14, 139, 14]
[30, 14, 31, 14]
[192, 14, 193, 14]
[111, 14, 112, 14]
[21, 5, 22, 5]
[183, 5, 184, 5]
[102, 5, 103, 5]
[75, 5, 76, 5]
[237, 5, 238, 5]
[156, 5, 157, 5]
[48, 5, 49, 5]
[210, 5, 211, 5]
[129, 5, 130, 5]
[21, 23, 22, 23]
[183, 23, 184, 23]
[102, 23, 103, 23]
[75, 23, 76, 23]
[237, 23, 238, 23]
[156, 23, 157, 23]
[48, 23, 49, 23]
[210, 23, 211, 23]
[129, 23, 130, 23]
[21, 14, 22, 14]
[183, 14, 184, 14]
[102, 14, 103, 14]
[75, 14, 76, 14]
[237, 14, 238, 14]
[156, 14, 157, 14]
[48, 14, 49, 14]
[210, 14, 211, 14]
[129, 14, 130, 14]
[12, 5, 13, 5]
[174, 5, 175, 5]
[93, 5, 94, 5]
[66, 5, 67, 5]
[228, 5, 229, 5]
[147, 5, 148, 5]
[39, 5, 40, 5]
[201, 5, 202, 5]
[120, 5, 121, 5]
[12, 23, 13, 23]
[174, 23, 175, 23]
[93, 23, 94, 23]
[66, 23, 67, 23]
[228, 23, 229, 23]
[147, 23, 148, 23]
[39, 23, 40, 23]
[201, 23, 202, 23]
[120, 23, 121, 23]
[12, 14, 13, 14]
[174, 14, 175, 14]
[93, 14, 94, 14]
[66, 14, 67, 14]
[228, 14, 229, 14]
[147, 14, 148, 14]
[39, 14, 40, 14]
[201, 14, 202, 14]
[120, 14, 121, 14]
[2, 1, 2, 0]
[83, 1, 2, 0]
[164, 1, 2, 0]
[29, 1, 2, 0]
[110, 1, 2, 0]
[191, 1, 2, 0]
[56, 1, 2, 0]
[137, 1, 2, 0]
[218, 1, 2, 0]
[2, 10, 2, 0]
[83, 10, 2, 0]
[164, 10, 2, 0]
[29, 10, 2, 0]
[110, 10, 2, 0]
[191, 10, 2, 0]
[56, 10, 2, 0]
[137, 10, 2, 0]
[218, 10, 2, 0]
[2, 19, 2, 0]
[83, 19, 2, 0]
[164, 19, 2, 0]
[29, 19, 2, 0]
[110, 19, 2, 0]
[191, 19, 2, 0]
[56, 19, 2, 0]
[137, 19, 2, 0]
[218, 19, 2, 0]
[11, 1, 2, 0]
[92, 1, 2, 0]
[173, 1, 2, 0]
[38, 1, 2, 0]
[119, 1, 2, 0]
[200, 1, 2, 0]
[65, 1, 2, 0]
[146, 1, 2, 0]
[227, 1, 2, 0]
[11, 10, 2, 0]
[92, 10, 2, 0]
[173, 10, 2, 0]
[38, 10, 2, 0]
[119, 10, 2, 0]
[200, 10, 2, 0]
[65, 10, 2, 0]
[146, 10, 2, 0]
[227, 10, 2, 0]
[11, 19, 2, 0]
[92, 19, 2, 0]
[173, 19, 2, 0]
[38, 19, 2, 0]
[119, 19, 2, 0]
[200, 19, 2, 0]
[65, 19, 2, 0]
[146, 19, 2, 0]
[227, 19, 2, 0]
[20, 1, 2, 0]
[101, 1, 2, 0]
[182, 1, 2, 0]
[47, 1, 2, 0]
[128, 1, 2, 0]
[209, 1, 2, 0]
[74, 1, 2, 0]
[155, 1, 2, 0]
[236, 1, 2, 0]
[20, 10, 2, 0]
[101, 10, 2, 0]
[182, 10, 2, 0]
[47, 10, 2, 0]
[128, 10, 2, 0]
[209, 10, 2, 0]
[74, 10, 2, 0]
[155, 10, 2, 0]
[236, 10, 2, 0]
[20, 19, 2, 0]
[101, 19, 2, 0]
[182, 19, 2, 0]
[47, 19, 2, 0]
[128, 19, 2, 0]
[209, 19, 2, 0]
[74, 19, 2, 0]
[155, 19, 2, 0]
[236, 19, 2, 0]
[2, 4, 2, 0]
[83, 4, 2, 0]
[164, 4, 2, 0]
[29, 4, 2, 0]
[110, 4, 2, 0]
[191, 4, 2, 0]
[56, 4, 2, 0]
[137, 4, 2, 0]
[218, 4, 2, 0]
[2, 13, 2, 0]
[83, 13, 2, 0]
[164, 13, 2, 0]
[29, 13, 2, 0]
[110, 13, 2, 0]
[191, 13, 2, 0]
[56, 13, 2, 0]
[137, 13, 2, 0]
[218, 13, 2, 0]
[2, 22, 2, 0]
[83, 22, 2, 0]
[164, 22, 2, 0]
[29, 22, 2, 0]
[110, 22, 2, 0]
[191, 22, 2, 0]
[56, 22, 2, 0]
[137, 22, 2, 0]
[218, 22, 2, 0]
[11, 4, 2, 0]
[92, 4, 2, 0]
[173, 4, 2, 0]
[38, 4, 2, 0]
[119, 4, 2, 0]
[200, 4, 2, 0]
[65, 4, 2, 0]
[146, 4, 2, 0]
[227, 4, 2, 0]
[11, 13, 2, 0]
[92, 13, 2, 0]
[173, 13, 2, 0]
[38, 13, 2, 0]
[119, 13, 2, 0]
[200, 13, 2, 0]
[65, 13, 2, 0]
[146, 13, 2, 0]
[227, 13, 2, 0]
[11, 22, 2, 0]
[92, 22, 2, 0]
[173, 22, 2, 0]
[38, 22, 2, 0]
[119, 22, 2, 0]
[200, 22, 2, 0]
[65, 22, 2, 0]
[146, 22, 2, 0]
[227, 22, 2, 0]
[20, 4, 2, 0]
[101, 4, 2, 0]
[182, 4, 2, 0]
[47, 4, 2, 0]
[128, 4, 2, 0]
[209, 4, 2, 0]
[74, 4, 2, 0]
[155, 4, 2, 0]
[236, 4, 2, 0]
[20, 13, 2, 0]
[101, 13, 2, 0]
[182, 13, 2, 0]
[47, 13, 2, 0]
[128, 13, 2, 0]
[209, 13, 2, 0]
[74, 13, 2, 0]
[155, 13, 2, 0]
[236, 13, 2, 0]
[20, 22, 2, 0]
[101, 22, 2, 0]
[182, 22, 2, 0]
[47, 22, 2, 0]
[128, 22, 2, 0]
[209, 22, 2, 0]
[74, 22, 2, 0]
[155, 22, 2, 0]
[236, 22, 2, 0]
[2, 7, 2, 0]
[83, 7, 2, 0]
[164, 7, 2, 0]
[29, 7, 2, 0]
[110, 7, 2, 0]
[191, 7, 2, 0]
[56, 7, 2, 0]
[137, 7, 2, 0]
[218, 7, 2, 0]
[2, 16, 2, 0]
[83, 16, 2, 0]
[164, 16, 2, 0]
[29, 16, 2, 0]
[110, 16, 2, 0]
[191, 16, 2, 0]
[56, 16, 2, 0]
[137, 16, 2, 0]
[218, 16, 2, 0]
[2, 25, 2, 0]
[83, 25, 2, 0]
[164, 25, 2, 0]
[29, 25, 2, 0]
[110, 25, 2, 0]
[191, 25, 2, 0]
[56, 25, 2, 0]
[137, 25, 2, 0]
[218, 25, 2, 0]
[11, 7, 2, 0]
[92, 7, 2, 0]
[173, 7, 2, 0]
[38, 7, 2, 0]
[119, 7, 2, 0]
[200, 7, 2, 0]
[65, 7, 2, 0]
[146, 7, 2, 0]
[227, 7, 2, 0]
[11, 16, 2, 0]
[92, 16, 2, 0]
[173, 16, 2, 0]
[38, 16, 2, 0]
[119, 16, 2, 0]
[200, 16, 2, 0]
[65, 16, 2, 0]
[146, 16, 2, 0]
[227, 16, 2, 0]
[11, 25, 2, 0]
[92, 25, 2, 0]
[173, 25, 2, 0]
[38, 25, 2, 0]
[119, 25, 2, 0]
[200, 25, 2, 0]
[65, 25, 2, 0]
[146, 25, 2, 0]
[227, 25, 2, 0]
[20, 7, 2, 0]
[101, 7, 2, 0]
[182, 7, 2, 0]
[47, 7, 2, 0]
[128, 7, 2, 0]
[209, 7, 2, 0]
[74, 7, 2, 0]
[155, 7, 2, 0]
[236, 7, 2, 0]
[20, 16, 2, 0]
[101, 16, 2, 0]
[182, 16, 2, 0]
[47, 16, 2, 0]
[128, 16, 2, 0]
[209, 16, 2, 0]
[74, 16, 2, 0]
[155, 16, 2, 0]
[236, 16, 2, 0]
[20, 25, 2, 0]
[101, 25, 2, 0]
[182, 25, 2, 0]
[47, 25, 2, 0]
[128, 25, 2, 0]
[209, 25, 2, 0]
[74, 25, 2, 0]
[155, 25, 2, 0]
[236, 25, 2, 0]
[5, 1, 2, 0]
[86, 1, 2, 0]
[167, 1, 2, 0]
[32, 1, 2, 0]
[113, 1, 2, 0]
[194, 1, 2, 0]
[59, 1, 2, 0]
[140, 1, 2, 0]
[221, 1, 2, 0]
[5, 10, 2, 0]
[86, 10, 2, 0]
[167, 10, 2, 0]
[32, 10, 2, 0]
[113, 10, 2, 0]
[194, 10, 2, 0]
[59, 10, 2, 0]
[140, 10, 2, 0]
[221, 10, 2, 0]
[5, 19, 2, 0]
[86, 19, 2, 0]
[167, 19, 2, 0]
[32, 19, 2, 0]
[113, 19, 2, 0]
[194, 19, 2, 0]
[59, 19, 2, 0]
[140, 19, 2, 0]
[221, 19, 2, 0]
[14, 1, 2, 0]
[95, 1, 2, 0]
[176, 1, 2, 0]
[41, 1, 2, 0]
[122, 1, 2, 0]
[203, 1, 2, 0]
[68, 1, 2, 0]
[149, 1, 2, 0]
[230, 1, 2, 0]
[14, 10, 2, 0]
[95, 10, 2, 0]
[176, 10, 2, 0]
[41, 10, 2, 0]
[122, 10, 2, 0]
[203, 10, 2, 0]
[68, 10, 2, 0]
[149, 10, 2, 0]
[230, 10, 2, 0]
[14, 19, 2, 0]
[95, 19, 2, 0]
[176, 19, 2, 0]
[41, 19, 2, 0]
[122, 19, 2, 0]
[203, 19, 2, 0]
[68, 19, 2, 0]
[149, 19, 2, 0]
[230, 19, 2, 0]
[23, 1, 2, 0]
[104, 1, 2, 0]
[185, 1, 2, 0]
[50, 1, 2, 0]
[131, 1, 2, 0]
[212, 1, 2, 0]
[77, 1, 2, 0]
[158, 1, 2, 0]
[239, 1, 2, 0]
[23, 10, 2, 0]
[104, 10, 2, 0]
[185, 10, 2, 0]
[50, 10, 2, 0]
[131, 10, 2, 0]
[212, 10, 2, 0]
[77, 10, 2, 0]
[158, 10, 2, 0]
[239, 10, 2, 0]
[23, 19, 2, 0]
[104, 19, 2, 0]
[185, 19, 2, 0]
[50, 19, 2, 0]
[131, 19, 2, 0]
[212, 19, 2, 0]
[77, 19, 2, 0]
[158, 19, 2, 0]
[239, 19, 2, 0]
[5, 4, 2, 0]
[86, 4, 2, 0]
[167, 4, 2, 0]
[32, 4, 2, 0]
[113, 4, 2, 0]
[194, 4, 2, 0]
[59, 4, 2, 0]
[140, 4, 2, 0]
[221, 4, 2, 0]
[5, 13, 2, 0]
[86, 13, 2, 0]
[167, 13, 2, 0]
[32, 13, 2, 0]
[113, 13, 2, 0]
[194, 13, 2, 0]
[59, 13, 2, 0]
[140, 13, 2, 0]
[221, 13, 2, 0]
[5, 22, 2, 0]
[86, 22, 2, 0]
[167, 22, 2, 0]
[32, 22, 2, 0]
[113, 22, 2, 0]
[194, 22, 2, 0]
[59, 22, 2, 0]
[140, 22, 2, 0]
[221, 22, 2, 0]
[14, 4, 2, 0]
[95, 4, 2, 0]
[176, 4, 2, 0]
[41, 4, 2, 0]
[122, 4, 2, 0]
[203, 4, 2, 0]
[68, 4, 2, 0]
[149, 4, 2, 0]
[230, 4, 2, 0]
[14, 13, 2, 0]
[95, 13, 2, 0]
[176, 13, 2, 0]
[41, 13, 2, 0]
[122, 13, 2, 0]
[203, 13, 2, 0]
[68, 13, 2, 0]
[149, 13, 2, 0]
[230, 13, 2, 0]
[14, 22, 2, 0]
[95, 22, 2, 0]
[176, 22, 2, 0]
[41, 22, 2, 0]
[122, 22, 2, 0]
[203, 22, 2, 0]
[68, 22, 2, 0]
[149, 22, 2, 0]
[230, 22, 2, 0]
[23, 4, 2, 0]
[104, 4, 2, 0]
[185, 4, 2, 0]
[50, 4, 2, 0]
[131, 4, 2, 0]
[212, 4, 2, 0]
[77, 4, 2, 0]
[158, 4, 2, 0]
[239, 4, 2, 0]
[23, 13, 2, 0]
[104, 13, 2, 0]
[185, 13, 2, 0]
[50, 13, 2, 0]
[131, 13, 2, 0]
[212, 13, 2, 0]
[77, 13, 2, 0]
[158, 13, 2, 0]
[239, 13, 2, 0]
[23, 22, 2, 0]
[104, 22, 2, 0]
[185, 22, 2, 0]
[50, 22, 2, 0]
[131, 22, 2, 0]
[212, 22, 2, 0]
[77, 22, 2, 0]
[158, 22, 2, 0]
[239, 22, 2, 0]
[5, 7, 2, 0]
[86, 7, 2, 0]
[167, 7, 2, 0]
[32, 7, 2, 0]
[113, 7, 2, 0]
[194, 7, 2, 0]
[59, 7, 2, 0]
[140, 7, 2, 0]
[221, 7, 2, 0]
[5, 16, 2, 0]
[86, 16, 2, 0]
[167, 16, 2, 0]
[32, 16, 2, 0]
[113, 16, 2, 0]
[194, 16, 2, 0]
[59, 16, 2, 0]
[140, 16, 2, 0]
[221, 16, 2, 0]
[5, 25, 2, 0]
[86, 25, 2, 0]
[167, 25, 2, 0]
[32, 25, 2, 0]
[113, 25, 2, 0]
[194, 25, 2, 0]
[59, 25, 2, 0]
[140, 25, 2, 0]
[221, 25, 2, 0]
[14, 7, 2, 0]
[95, 7, 2, 0]
[176, 7, 2, 0]
[41, 7, 2, 0]
[122, 7, 2, 0]
[203, 7, 2, 0]
[68, 7, 2, 0]
[149, 7, 2, 0]
[230, 7, 2, 0]
[14, 16, 2, 0]
[95, 16, 2, 0]
[176, 16, 2, 0]
[41, 16, 2, 0]
[122, 16, 2, 0]
[203, 16, 2, 0]
[68, 16, 2, 0]
[149, 16, 2, 0]
[230, 16, 2, 0]
[14, 25, 2, 0]
[95, 25, 2, 0]
[176, 25, 2, 0]
[41, 25, 2, 0]
[122, 25, 2, 0]
[203, 25, 2, 0]
[68, 25, 2, 0]
[149, 25, 2, 0]
[230, 25, 2, 0]
[23, 7, 2, 0]
[104, 7, 2, 0]
[185, 7, 2, 0]
[50, 7, 2, 0]
[131, 7, 2, 0]
[212, 7, 2, 0]
[77, 7, 2, 0]
[158, 7, 2, 0]
[239, 7, 2, 0]
[23, 16, 2, 0]
[104, 16, 2, 0]
[185, 16, 2, 0]
[50, 16, 2, 0]
[131, 16, 2, 0]
[212, 16, 2, 0]
[77, 16, 2, 0]
[158, 16, 2, 0]
[239, 16, 2, 0]
[23, 25, 2, 0]
[104, 25, 2, 0]
[185, 25, 2, 0]
[50, 25, 2, 0]
[131, 25, 2, 0]
[212, 25, 2, 0]
[77, 25, 2, 0]
[158, 25, 2, 0]
[239, 25, 2, 0]
[8, 1, 2, 0]
[89, 1, 2, 0]
[170, 1, 2, 0]
[35, 1, 2, 0]
[116, 1, 2, 0]
[197, 1, 2, 0]
[62, 1, 2, 0]
[143, 1, 2, 0]
[224, 1, 2, 0]
[8, 10, 2, 0]
[89, 10, 2, 0]
[170, 10, 2, 0]
[35, 10, 2, 0]
[116, 10, 2, 0]
[197, 10, 2, 0]
[62, 10, 2, 0]
[143, 10, 2, 0]
[224, 10, 2, 0]
[8, 19, 2, 0]
[89, 19, 2, 0]
[170, 19, 2, 0]
[35, 19, 2, 0]
[116, 19, 2, 0]
[197, 19, 2, 0]
[62, 19, 2, 0]
[143, 19, 2, 0]
[224, 19, 2, 0]
[17, 1, 2, 0]
[98, 1, 2, 0]
[179, 1, 2, 0]
[44, 1, 2, 0]
[125, 1, 2, 0]
[206, 1, 2, 0]
[71, 1, 2, 0]
[152, 1, 2, 0]
[233, 1, 2, 0]
[17, 10, 2, 0]
[98, 10, 2, 0]
[179, 10, 2, 0]
[44, 10, 2, 0]
[125, 10, 2, 0]
[206, 10, 2, 0]
[71, 10, 2, 0]
[152, 10, 2, 0]
[233, 10, 2, 0]
[17, 19, 2, 0]
[98, 19, 2, 0]
[179, 19, 2, 0]
[44, 19, 2, 0]
[125, 19, 2, 0]
[206, 19, 2, 0]
[71, 19, 2, 0]
[152, 19, 2, 0]
[233, 19, 2, 0]
[26, 1, 2, 0]
[107, 1, 2, 0]
[188, 1, 2, 0]
[53, 1, 2, 0]
[134, 1, 2, 0]
[215, 1, 2, 0]
[80, 1, 2, 0]
[161, 1, 2, 0]
[242, 1, 2, 0]
[26, 10, 2, 0]
[107, 10, 2, 0]
[188, 10, 2, 0]
[53, 10, 2, 0]
[134, 10, 2, 0]
[215, 10, 2, 0]
[80, 10, 2, 0]
[161, 10, 2, 0]
[242, 10, 2, 0]
[26, 19, 2, 0]
[107, 19, 2, 0]
[188, 19, 2, 0]
[53, 19, 2, 0]
[134, 19, 2, 0]
[215, 19, 2, 0]
[80, 19, 2, 0]
[161, 19, 2, 0]
[242, 19, 2, 0]
[8, 4, 2, 0]
[89, 4, 2, 0]
[170, 4, 2, 0]
[35, 4, 2, 0]
[116, 4, 2, 0]
[197, 4, 2, 0]
[62, 4, 2, 0]
[143, 4, 2, 0]
[224, 4, 2, 0]
[8, 13, 2, 0]
[89, 13, 2, 0]
[170, 13, 2, 0]
[35, 13, 2, 0]
[116, 13, 2, 0]
[197, 13, 2, 0]
[62, 13, 2, 0]
[143, 13, 2, 0]
[224, 13, 2, 0]
[8, 22, 2, 0]
[89, 22, 2, 0]
[170, 22, 2, 0]
[35, 22, 2, 0]
[116, 22, 2, 0]
[197, 22, 2, 0]
[62, 22, 2, 0]
[143, 22, 2, 0]
[224, 22, 2, 0]
[17, 4, 2, 0]
[98, 4, 2, 0]
[179, 4, 2, 0]
[44, 4, 2, 0]
[125, 4, 2, 0]
[206, 4, 2, 0]
[71, 4, 2, 0]
[152, 4, 2, 0]
[233, 4, 2, 0]
[17, 13, 2, 0]
[98, 13, 2, 0]
[179, 13, 2, 0]
[44, 13, 2, 0]
[125, 13, 2, 0]
[206, 13, 2, 0]
[71, 13, 2, 0]
[152, 13, 2, 0]
[233, 13, 2, 0]
[17, 22, 2, 0]
[98, 22, 2, 0]
[179, 22, 2, 0]
[44, 22, 2, 0]
[125, 22, 2, 0]
[206, 22, 2, 0]
[71, 22, 2, 0]
[152, 22, 2, 0]
[233, 22, 2, 0]
[26, 4, 2, 0]
[107, 4, 2, 0]
[188, 4, 2, 0]
[53, 4, 2, 0]
[134, 4, 2, 0]
[215, 4, 2, 0]
[80, 4, 2, 0]
[161, 4, 2, 0]
[242, 4, 2, 0]
[26, 13, 2, 0]
[107, 13, 2, 0]
[188, 13, 2, 0]
[53, 13, 2, 0]
[134, 13, 2, 0]
[215, 13, 2, 0]
[80, 13, 2, 0]
[161, 13, 2, 0]
[242, 13, 2, 0]
[26, 22, 2, 0]
[107, 22, 2, 0]
[188, 22, 2, 0]
[53, 22, 2, 0]
[134, 22, 2, 0]
[215, 22, 2, 0]
[80, 22, 2, 0]
[161, 22, 2, 0]
[242, 22, 2, 0]
[8, 7, 2, 0]
[89, 7, 2, 0]
[170, 7, 2, 0]
[35, 7, 2, 0]
[116, 7, 2, 0]
[197, 7, 2, 0]
[62, 7, 2, 0]
[143, 7, 2, 0]
[224, 7, 2, 0]
[8, 16, 2, 0]
[89, 16, 2, 0]
[170, 16, 2, 0]
[35, 16, 2, 0]
[116, 16, 2, 0]
[197, 16, 2, 0]
[62, 16, 2, 0]
[143, 16, 2, 0]
[224, 16, 2, 0]
[8, 25, 2, 0]
[89, 25, 2, 0]
[170, 25, 2, 0]
[35, 25, 2, 0]
[116, 25, 2, 0]
[197, 25, 2, 0]
[62, 25, 2, 0]
[143, 25, 2, 0]
[224, 25, 2, 0]
[17, 7, 2, 0]
[98, 7, 2, 0]
[179, 7, 2, 0]
[44, 7, 2, 0]
[125, 7, 2, 0]
[206, 7, 2, 0]
[71, 7, 2, 0]
[152, 7, 2, 0]
[233, 7, 2, 0]
[17, 16, 2, 0]
[98, 16, 2, 0]
[179, 16, 2, 0]
[44, 16, 2, 0]
[125, 16, 2, 0]
[206, 16, 2, 0]
[71, 16, 2, 0]
[152, 16, 2, 0]
[233, 16, 2, 0]
[17, 25, 2, 0]
[98, 25, 2, 0]
[179, 25, 2, 0]
[44, 25, 2, 0]
[125, 25, 2, 0]
[206, 25, 2, 0]
[71, 25, 2, 0]
[152, 25, 2, 0]
[233, 25, 2, 0]
[26, 7, 2, 0]
[107, 7, 2, 0]
[188, 7, 2, 0]
[53, 7, 2, 0]
[134, 7, 2, 0]
[215, 7, 2, 0]
[80, 7, 2, 0]
[161, 7, 2, 0]
[242, 7, 2, 0]
[26, 16, 2, 0]
[107, 16, 2, 0]
[188, 16, 2, 0]
[53, 16, 2, 0]
[134, 16, 2, 0]
[215, 16, 2, 0]
[80, 16, 2, 0]
[161, 16, 2, 0]
[242, 16, 2, 0]
[26, 25, 2, 0]
[107, 25, 2, 0]
[188, 25, 2, 0]
[53, 25, 2, 0]
[134, 25, 2, 0]
[215, 25, 2, 0]
[80, 25, 2, 0]
[161, 25, 2, 0]
[242, 25, 2, 0]
[1, 1, 2, 1]
[82, 1, 83, 1]
[163, 1, 164, 1]
[28, 1, 29, 1]
[109, 1, 110, 1]
[190, 1, 191, 1]
[55, 1, 56, 1]
[136, 1, 137, 1]
[217, 1, 218, 1]
[1, 10, 2, 10]
[82, 10, 83, 10]
[163, 10, 164, 10]
[28, 10, 29, 10]
[109, 10, 110, 10]
[190, 10, 191, 10]
[55, 10, 56, 10]
[136, 10, 137, 10]
[217, 10, 218, 10]
[1, 19, 2, 19]
[82, 19, 83, 19]
[163, 19, 164, 19]
[28, 19, 29, 19]
[109, 19, 110, 19]
[190, 19, 191, 19]
[55, 19, 56, 19]
[136, 19, 137, 19]
[217, 19, 218, 19]
[10, 1, 11, 1]
[91, 1, 92, 1]
[172, 1, 173, 1]
[37, 1, 38, 1]
[118, 1, 119, 1]
[199, 1, 200, 1]
[64, 1, 65, 1]
[145, 1, 146, 1]
[226, 1, 227, 1]
[10, 10, 11, 10]
[91, 10, 92, 10]
[172, 10, 173, 10]
[37, 10, 38, 10]
[118, 10, 119, 10]
[199, 10, 200, 10]
[64, 10, 65, 10]
[145, 10, 146, 10]
[226, 10, 227, 10]
[10, 19, 11, 19]
[91, 19, 92, 19]
[172, 19, 173, 19]
[37, 19, 38, 19]
[118, 19, 119, 19]
[199, 19, 200, 19]
[64, 19, 65, 19]
[145, 19, 146, 19]
[226, 19, 227, 19]
[19, 1, 20, 1]
[100, 1, 101, 1]
[181, 1, 182, 1]
[46, 1, 47, 1]
[127, 1, 128, 1]
[208, 1, 209, 1]
[73, 1, 74, 1]
[154, 1, 155, 1]
[235, 1, 236, 1]
[19, 10, 20, 10]
[100, 10, 101, 10]
[181, 10, 182, 10]
[46, 10, 47, 10]
[127, 10, 128, 10]
[208, 10, 209, 10]
[73, 10, 74, 10]
[154, 10, 155, 10]
[235, 10, 236, 10]
[19, 19, 20, 19]
[100, 19, 101, 19]
[181, 19, 182, 19]
[46, 19, 47, 19]
[127, 19, 128, 19]
[208, 19, 209, 19]
[73, 19, 74, 19]
[154, 19, 155, 19]
[235, 19, 236, 19]
[1, 4, 2, 4]
[82, 4, 83, 4]
[163, 4, 164, 4]
[28, 4, 29, 4]
[109, 4, 110, 4]
[190, 4, 191, 4]
[55, 4, 56, 4]
[136, 4, 137, 4]
[217, 4, 218, 4]
[1, 13, 2, 13]
[82, 13, 83, 13]
[163, 13, 164, 13]
[28, 13, 29, 13]
[109, 13, 110, 13]
[190, 13, 191, 13]
[55, 13, 56, 13]
[136, 13, 137, 13]
[217, 13, 218, 13]
[1, 22, 2, 22]
[82, 22, 83, 22]
[163, 22, 164, 22]
[28, 22, 29, 22]
[109, 22, 110, 22]
[190, 22, 191, 22]
[55, 22, 56, 22]
[136, 22, 137, 22]
[217, 22, 218, 22]
[10, 4, 11, 4]
[91, 4, 92, 4]
[172, 4, 173, 4]
[37, 4, 38, 4]
[118, 4, 119, 4]
[199, 4, 200, 4]
[64, 4, 65, 4]
[145, 4, 146, 4]
[226, 4, 227, 4]
[10, 13, 11, 13]
[91, 13, 92, 13]
[172, 13, 173, 13]
[37, 13, 38, 13]
[118, 13, 119, 13]
[199, 13, 200, 13]
[64, 13, 65, 13]
[145, 13, 146, 13]
[226, 13, 227, 13]
[10, 22, 11, 22]
[91, 22, 92, 22]
[172, 22, 173, 22]
[37, 22, 38, 22]
[118, 22, 119, 22]
[199, 22, 200, 22]
[64, 22, 65, 22]
[145, 22, 146, 22]
[226, 22, 227, 22]
[19, 4, 20, 4]
[100, 4, 101, 4]
[181, 4, 182, 4]
[46, 4, 47, 4]
[127, 4, 128, 4]
[208, 4, 209, 4]
[73, 4, 74, 4]
[154, 4, 155, 4]
[235, 4, 236, 4]
[19, 13, 20, 13]
[100, 13, 101, 13]
[181, 13, 182, 13]
[46, 13, 47, 13]
[127, 13, 128, 13]
[208, 13, 209, 13]
[73, 13, 74, 13]
[154, 13, 155, 13]
[235, 13, 236, 13]
[19, 22, 20, 22]
[100, 22, 101, 22]
[181, 22, 182, 22]
[46, 22, 47, 22]
[127, 22, 128, 22]
[208, 22, 209, 22]
[73, 22, 74, 22]
[154, 22, 155, 22]
[235, 22, 236, 22]
[1, 7, 2, 7]
[82, 7, 83, 7]
[163, 7, 164, 7]
[28, 7, 29, 7]
[109, 7, 110, 7]
[190, 7, 191, 7]
[55, 7, 56, 7]
[136, 7, 137, 7]
[217, 7, 218, 7]
[1, 16, 2, 16]
[82, 16, 83, 16]
[163, 16, 164, 16]
[28, 16, 29, 16]
[109, 16, 110, 16]
[190, 16, 191, 16]
[55, 16, 56, 16]
[136, 16, 137, 16]
[217, 16, 218, 16]
[1, 25, 2, 25]
[82, 25, 83, 25]
[163, 25, 164, 25]
[28, 25, 29, 25]
[109, 25, 110, 25]
[190, 25, 191, 25]
[55, 25, 56, 25]
[136, 25, 137, 25]
[217, 25, 218, 25]
[10, 7, 11, 7]
[91, 7, 92, 7]
[172, 7, 173, 7]
[37, 7, 38, 7]
[118, 7, 119, 7]
[199, 7, 200, 7]
[64, 7, 65, 7]
[145, 7, 146, 7]
[226, 7, 227, 7]
[10, 16, 11, 16]
[91, 16, 92, 16]
[172, 16, 173, 16]
[37, 16, 38, 16]
[118, 16, 119, 16]
[199, 16, 200, 16]
[64, 16, 65, 16]
[145, 16, 146, 16]
[226, 16, 227, 16]
[10, 25, 11, 25]
[91, 25, 92, 25]
[172, 25, 173, 25]
[37, 25, 38, 25]
[118, 25, 119, 25]
[199, 25, 200, 25]
[64, 25, 65, 25]
[145, 25, 146, 25]
[226, 25, 227, 25]
[19, 7, 20, 7]
[100, 7, 101, 7]
[181, 7, 182, 7]
[46, 7, 47, 7]
[127, 7, 128, 7]
[208, 7, 209, 7]
[73, 7, 74, 7]
[154, 7, 155, 7]
[235, 7, 236, 7]
[19, 16, 20, 16]
[100, 16, 101, 16]
[181, 16, 182, 16]
[46, 16, 47, 16]
[127, 16, 128, 16]
[208, 16, 209, 16]
[73, 16, 74, 16]
[154, 16, 155, 16]
[235, 16, 236, 16]
[19, 25, 20, 25]
[100, 25, 101, 25]
[181, 25, 182, 25]
[46, 25, 47, 25]
[127, 25, 128, 25]
[208, 25, 209, 25]
[73, 25, 74, 25]
[154, 25, 155, 25]
[235, 25, 236, 25]
[4, 1, 5, 1]
[85, 1, 86, 1]
[166, 1, 167, 1]
[31, 1, 32, 1]
[112, 1, 113, 1]
[193, 1, 194, 1]
[58, 1, 59, 1]
[139, 1, 140, 1]
[220, 1, 221, 1]
[4, 10, 5, 10]
[85, 10, 86, 10]
[166, 10, 167, 10]
[31, 10, 32, 10]
[112, 10, 113, 10]
[193, 10, 194, 10]
[58, 10, 59, 10]
[139, 10, 140, 10]
[220, 10, 221, 10]
[4, 19, 5, 19]
[85, 19, 86, 19]
[166, 19, 167, 19]
[31, 19, 32, 19]
[112, 19, 113, 19]
[193, 19, 194, 19]
[58, 19, 59, 19]
[139, 19, 140, 19]
[220, 19, 221, 19]
[13, 1, 14, 1]
[94, 1, 95, 1]
[175, 1, 176, 1]
[40, 1, 41, 1]
[121, 1, 122, 1]
[202, 1, 203, 1]
[67, 1, 68, 1]
[148, 1, 149, 1]
[229, 1, 230, 1]
[13, 10, 14, 10]
[94, 10, 95, 10]
[175, 10, 176, 10]
[40, 10, 41, 10]
[121, 10, 122, 10]
[202, 10, 203, 10]
[67, 10, 68, 10]
[148, 10, 149, 10]
[229, 10, 230, 10]
[13, 19, 14, 19]
[94, 19, 95, 19]
[175, 19, 176, 19]
[40, 19, 41, 19]
[121, 19, 122, 19]
[202, 19, 203, 19]
[67, 19, 68, 19]
[148, 19, 149, 19]
[229, 19, 230, 19]
[22, 1, 23, 1]
[103, 1, 104, 1]
[184, 1, 185, 1]
[49, 1, 50, 1]
[130, 1, 131, 1]
[211, 1, 212, 1]
[76, 1, 77, 1]
[157, 1, 158, 1]
[238, 1, 239, 1]
[22, 10, 23, 10]
[103, 10, 104, 10]
[184, 10, 185, 10]
[49, 10, 50, 10]
[130, 10, 131, 10]
[211, 10, 212, 10]
[76, 10, 77, 10]
[157, 10, 158, 10]
[238, 10, 239, 10]
[22, 19, 23, 19]
[103, 19, 104, 19]
[184, 19, 185, 19]
[49, 19, 50, 19]
[130, 19, 131, 19]
[211, 19, 212, 19]
[76, 19, 77, 19]
[157, 19, 158, 19]
[238, 19, 239, 19]
[4, 4, 5, 4]
[85, 4, 86, 4]
[166, 4, 167, 4]
[31, 4, 32, 4]
[112, 4, 113, 4]
[193, 4, 194, 4]
[58, 4, 59, 4]
[139, 4, 140, 4]
[220, 4, 221, 4]
[4, 13, 5, 13]
[85, 13, 86, 13]
[166, 13, 167, 13]
[31, 13, 32, 13]
[112, 13, 113, 13]
[193, 13, 194, 13]
[58, 13, 59, 13]
[139, 13, 140, 13]
[220, 13, 221, 13]
[4, 22, 5, 22]
[85, 22, 86, 22]
[166, 22, 167, 22]
[31, 22, 32, 22]
[112, 22, 113, 22]
[193, 22, 194, 22]
[58, 22, 59, 22]
[139, 22, 140, 22]
[220, 22, 221, 22]
[13, 4, 14, 4]
[94, 4, 95, 4]
[175, 4, 176, 4]
[40, 4, 41, 4]
[121, 4, 122, 4]
[202, 4, 203, 4]
[67, 4, 68, 4]
[148, 4, 149, 4]
[229, 4, 230, 4]
[13, 13, 14, 13]
[94, 13, 95, 13]
[175, 13, 176, 13]
[40, 13, 41, 13]
[121, 13, 122, 13]
[202, 13, 203, 13]
[67, 13, 68, 13]
[148, 13, 149, 13]
[229, 13, 230, 13]
[13, 22, 14, 22]
[94, 22, 95, 22]
[175, 22, 176, 22]
[40, 22, 41, 22]
[121, 22, 122, 22]
[202, 22, 203, 22]
[67, 22, 68, 22]
[148, 22, 149, 22]
[229, 22, 230, 22]
[22, 4, 23, 4]
[103, 4, 104, 4]
[184, 4, 185, 4]
[49, 4, 50, 4]
[130, 4, 131, 4]
[211, 4, 212, 4]
[76, 4, 77, 4]
[157, 4, 158, 4]
[238, 4, 239, 4]
[22, 13, 23, 13]
[103, 13, 104, 13]
[184, 13, 185, 13]
[49, 13, 50, 13]
[130, 13, 131, 13]
[211, 13, 212, 13]
[76, 13, 77, 13]
[157, 13, 158, 13]
[238, 13, 239, 13]
[22, 22, 23, 22]
[103, 22, 104, 22]
[184, 22, 185, 22]
[49, 22, 50, 22]
[130, 22, 131, 22]
[211, 22, 212, 22]
[76, 22, 77, 22]
[157, 22, 158, 22]
[238, 22, 239, 22]
[4, 7, 5, 7]
[85, 7, 86, 7]
[166, 7, 167, 7]
[31, 7, 32, 7]
[112, 7, 113, 7]
[193, 7, 194, 7]
[58, 7, 59, 7]
[139, 7, 140, 7]
[220, 7, 221, 7]
[4, 16, 5, 16]
[85, 16, 86, 16]
[166, 16, 167, 16]
[31, 16, 32, 16]
[112, 16, 113, 16]
[193, 16, 194, 16]
[58, 16, 59, 16]
[139, 16, 140, 16]
[220, 16, 221, 16]
[4, 25, 5, 25]
[85, 25, 86, 25]
[166, 25, 167, 25]
[31, 25, 32, 25]
[112, 25, 113, 25]
[193, 25, 194, 25]
[58, 25, 59, 25]
[139, 25, 140, 25]
[220, 25, 221, 25]
[13, 7, 14, 7]
[94, 7, 95, 7]
[175, 7, 176, 7]
[40, 7, 41, 7]
[121, 7, 122, 7]
[202, 7, 203, 7]
[67, 7, 68, 7]
[148, 7, 149, 7]
[229, 7, 230, 7]
[13, 16, 14, 16]
[94, 16, 95, 16]
[175, 16, 176, 16]
[40, 16, 41, 16]
[121, 16, 122, 16]
[202, 16, 203, 16]
[67, 16, 68, 16]
[148, 16, 149, 16]
[229, 16, 230, 16]
[13, 25, 14, 25]
[94, 25, 95, 25]
[175, 25, 176, 25]
[40, 25, 41, 25]
[121, 25, 122, 25]
[202, 25, 203, 25]
[67, 25, 68, 25]
[148, 25, 149, 25]
[229, 25, 230, 25]
[22, 7, 23, 7]
[103, 7, 104, 7]
[184, 7, 185, 7]
[49, 7, 50, 7]
[130, 7, 131, 7]
[211, 7, 212, 7]
[76, 7, 77, 7]
[157, 7, 158, 7]
[238, 7, 239, 7]
[22, 16, 23, 16]
[103, 16, 104, 16]
[184, 16, 185, 16]
[49, 16, 50, 16]
[130, 16, 131, 16]
[211, 16, 212, 16]
[76, 16, 77, 16]
[157, 16, 158, 16]
[238, 16, 239, 16]
[22, 25, 23, 25]
[103, 25, 104, 25]
[184, 25, 185, 25]
[49, 25, 50, 25]
[130, 25, 131, 25]
[211, 25, 212, 25]
[76, 25, 77, 25]
[157, 25, 158, 25]
[238, 25, 239, 25]
[7, 1, 8, 1]
[88, 1, 89, 1]
[169, 1, 170, 1]
[34, 1, 35, 1]
[115, 1, 116, 1]
[196, 1, 197, 1]
[61, 1, 62, 1]
[142, 1, 143, 1]
[223, 1, 224, 1]
[7, 10, 8, 10]
[88, 10, 89, 10]
[169, 10, 170, 10]
[34, 10, 35, 10]
[115, 10, 116, 10]
[196, 10, 197, 10]
[61, 10, 62, 10]
[142, 10, 143, 10]
[223, 10, 224, 10]
[7, 19, 8, 19]
[88, 19, 89, 19]
[169, 19, 170, 19]
[34, 19, 35, 19]
[115, 19, 116, 19]
[196, 19, 197, 19]
[61, 19, 62, 19]
[142, 19, 143, 19]
[223, 19, 224, 19]
[16, 1, 17, 1]
[97, 1, 98, 1]
[178, 1, 179, 1]
[43, 1, 44, 1]
[124, 1, 125, 1]
[205, 1, 206, 1]
[70, 1, 71, 1]
[151, 1, 152, 1]
[232, 1, 233, 1]
[16, 10, 17, 10]
[97, 10, 98, 10]
[178, 10, 179, 10]
[43, 10, 44, 10]
[124, 10, 125, 10]
[205, 10, 206, 10]
[70, 10, 71, 10]
[151, 10, 152, 10]
[232, 10, 233, 10]
[16, 19, 17, 19]
[97, 19, 98, 19]
[178, 19, 179, 19]
[43, 19, 44, 19]
[124, 19, 125, 19]
[205, 19, 206, 19]
[70, 19, 71, 19]
[151, 19, 152, 19]
[232, 19, 233, 19]
[25, 1, 26, 1]
[106, 1, 107, 1]
[187, 1, 188, 1]
[52, 1, 53, 1]
[133, 1, 134, 1]
[214, 1, 215, 1]
[79, 1, 80, 1]
[160, 1, 161, 1]
[241, 1, 242, 1]
[25, 10, 26, 10]
[106, 10, 107, 10]
[187, 10, 188, 10]
[52, 10, 53, 10]
[133, 10, 134, 10]
[214, 10, 215, 10]
[79, 10, 80, 10]
[160, 10, 161, 10]
[241, 10, 242, 10]
[25, 19, 26, 19]
[106, 19, 107, 19]
[187, 19, 188, 19]
[52, 19, 53, 19]
[133, 19, 134, 19]
[214, 19, 215, 19]
[79, 19, 80, 19]
[160, 19, 161, 19]
[241, 19, 242, 19]
[7, 4, 8, 4]
[88, 4, 89, 4]
[169, 4, 170, 4]
[34, 4, 35, 4]
[115, 4, 116, 4]
[196, 4, 197, 4]
[61, 4, 62, 4]
[142, 4, 143, 4]
[223, 4, 224, 4]
[7, 13, 8, 13]
[88, 13, 89, 13]
[169, 13, 170, 13]
[34, 13, 35, 13]
[115, 13, 116, 13]
[196, 13, 197, 13]
[61, 13, 62, 13]
[142, 13, 143, 13]
[223, 13, 224, 13]
[7, 22, 8, 22]
[88, 22, 89, 22]
[169, 22, 170, 22]
[34, 22, 35, 22]
[115, 22, 116, 22]
[196, 22, 197, 22]
[61, 22, 62, 22]
[142, 22, 143, 22]
[223, 22, 224, 22]
[16, 4, 17, 4]
[97, 4, 98, 4]
[178, 4, 179, 4]
[43, 4, 44, 4]
[124, 4, 125, 4]
[205, 4, 206, 4]
[70, 4, 71, 4]
[151, 4, 152, 4]
[232, 4, 233, 4]
[16, 13, 17, 13]
[97, 13, 98, 13]
[178, 13, 179, 13]
[43, 13, 44, 13]
[124, 13, 125, 13]
[205, 13, 206, 13]
[70, 13, 71, 13]
[151, 13, 152, 13]
[232, 13, 233, 13]
[16, 22, 17, 22]
[97, 22, 98, 22]
[178, 22, 179, 22]
[43, 22, 44, 22]
[124, 22, 125, 22]
[205, 22, 206, 22]
[70, 22, 71, 22]
[151, 22, 152, 22]
[232, 22, 233, 22]
[25, 4, 26, 4]
[106, 4, 107, 4]
[187, 4, 188, 4]
[52, 4, 53, 4]
[133, 4, 134, 4]
[214, 4, 215, 4]
[79, 4, 80, 4]
[160, 4, 161, 4]
[241, 4, 242, 4]
[25, 13, 26, 13]
[106, 13, 107, 13]
[187, 13, 188, 13]
[52, 13, 53, 13]
[133, 13, 134, 13]
[214, 13, 215, 13]
[79, 13, 80, 13]
[160, 13, 161, 13]
[241, 13, 242, 13]
[25, 22, 26, 22]
[106, 22, 107, 22]
[187, 22, 188, 22]
[52, 22, 53, 22]
[133, 22, 134, 22]
[214, 22, 215, 22]
[79, 22, 80, 22]
[160, 22, 161, 22]
[241, 22, 242, 22]
[7, 7, 8, 7]
[88, 7, 89, 7]
[169, 7, 170, 7]
[34, 7, 35, 7]
[115, 7, 116, 7]
[196, 7, 197, 7]
[61, 7, 62, 7]
[142, 7, 143, 7]
[223, 7, 224, 7]
[7, 16, 8, 16]
[88, 16, 89, 16]
[169, 16, 170, 16]
[34, 16, 35, 16]
[115, 16, 116, 16]
[196, 16, 197, 16]
[61, 16, 62, 16]
[142, 16, 143, 16]
[223, 16, 224, 16]
[7, 25, 8, 25]
[88, 25, 89, 25]
[169, 25, 170, 25]
[34, 25, 35, 25]
[115, 25, 116, 25]
[196, 25, 197, 25]
[61, 25, 62, 25]
[142, 25, 143, 25]
[223, 25, 224, 25]
[16, 7, 17, 7]
[97, 7, 98, 7]
[178, 7, 179, 7]
[43, 7, 44, 7]
[124, 7, 125, 7]
[205, 7, 206, 7]
[70, 7, 71, 7]
[151, 7, 152, 7]
[232, 7, 233, 7]
[16, 16, 17, 16]
[97, 16, 98, 16]
[178, 16, 179, 16]
[43, 16, 44, 16]
[124, 16, 125, 16]
[205, 16, 206, 16]
[70, 16, 71, 16]
[151, 16, 152, 16]
[232, 16, 233, 16]
[16, 25, 17, 25]
[97, 25, 98, 25]
[178, 25, 179, 25]
[43, 25, 44, 25]
[124, 25, 125, 25]
[205, 25, 206, 25]
[70, 25, 71, 25]
[151, 25, 152, 25]
[232, 25, 233, 25]
[25, 7, 26, 7]
[106, 7, 107, 7]
[187, 7, 188, 7]
[52, 7, 53, 7]
[133, 7, 134, 7]
[214, 7, 215, 7]
[79, 7, 80, 7]
[160, 7, 161, 7]
[241, 7, 242, 7]
[25, 16, 26, 16]
[106, 16, 107, 16]
[187, 16, 188, 16]
[52, 16, 53, 16]
[133, 16, 134, 16]
[214, 16, 215, 16]
[79, 16, 80, 16]
[160, 16, 161, 16]
[241, 16, 242, 16]
[25, 25, 26, 25]
[106, 25, 107, 25]
[187, 25, 188, 25]
[52, 25, 53, 25]
[133, 25, 134, 25]
[214, 25, 215, 25]
[79, 25, 80, 25]
[160, 25, 161, 25]
[241, 25, 242, 25]
