[1, 0, 0, 1]
[0, 1, 1, 0]
[13, 0, 0, 1]
[63, 63, 0, 1]
[0, 13, 1, 0]
[62, 1, 1, 0]
[51, 63, 0, 1]
[63, 13, 1, 0]
[2, 1, 63, 0]
[38, 1, 13, 0]
[61, 1, 1, 0]
[63, 51, 1, 0]
[50, 13, 1, 0]
[63, 41, 1, 0]
[38, 13, 1, 0]
[51, 41, 1, 0]
[3, 62, 63, 1]
[25, 1, 13, 0]
[60, 1, 1, 0]
[49, 13, 1, 0]
[12, 51, 1, 0]
[63, 23, 1, 0]
[14, 63, 63, 1]
[10, 13, 13, 0]
[37, 13, 1, 0]
[22, 41, 1, 0]
[26, 13, 63, 0]
[46, 13, 13, 0]
[25, 13, 1, 0]
[51, 23, 1, 0]
[10, 41, 1, 0]
[51, 21, 1, 0]
[46, 41, 1, 0]
[23, 21, 1, 0]
[5, 62, 62, 1]
[27, 38, 51, 13]
[4, 61, 63, 1]
[12, 1, 13, 0]
[48, 13, 1, 0]
[36, 13, 1, 0]
[49, 41, 1, 0]
[52, 51, 63, 0]
[25, 51, 1, 0]
[12, 23, 1, 0]
[40, 23, 1, 0]
[54, 63, 51, 1]
[15, 63, 62, 1]
[27, 50, 63, 1]
[33, 13, 13, 0]
[24, 13, 1, 0]
[9, 41, 1, 0]
[42, 41, 63, 0]
[30, 41, 13, 0]
[45, 41, 1, 0]
[42, 21, 1, 0]
[5, 13, 13, 0]
[28, 23, 1, 0]
[51, 43, 1, 0]
[54, 41, 63, 0]
[33, 41, 1, 0]
[10, 21, 1, 0]
[30, 21, 1, 0]
[18, 41, 63, 0]
[46, 21, 1, 0]
[43, 17, 1, 0]
[59, 3, 2, 63]
[7, 62, 61, 1]
[5, 38, 62, 13]
[29, 38, 50, 13]
[39, 26, 13, 51]
[37, 1, 13, 0]
[31, 38, 23, 13]
[53, 38, 38, 13]
[7, 61, 62, 1]
[40, 25, 51, 13]
[59, 13, 1, 0]
[53, 62, 63, 1]
[11, 23, 1, 0]
[15, 38, 63, 13]
[8, 41, 1, 0]
[44, 41, 1, 0]
[53, 63, 62, 1]
[12, 41, 1, 0]
[24, 63, 63, 1]
[8, 23, 13, 0]
[49, 14, 2, 63]
[16, 63, 61, 1]
[56, 13, 13, 0]
[55, 50, 63, 1]
[32, 41, 1, 0]
[9, 21, 1, 0]
[29, 21, 1, 0]
[19, 22, 63, 1]
[45, 21, 1, 0]
[34, 21, 13, 0]
[36, 23, 63, 0]
[5, 23, 1, 0]
[28, 43, 1, 0]
[31, 10, 63, 1]
[53, 21, 1, 0]
[34, 17, 1, 0]
[5, 21, 1, 0]
[44, 43, 1, 0]
[47, 29, 1, 0]
[9, 62, 60, 1]
[35, 3, 14, 63]
[57, 38, 10, 13]
[55, 38, 37, 13]
[39, 18, 13, 23]
[11, 27, 26, 51]
[49, 38, 46, 13]
[45, 46, 10, 41]
[7, 25, 62, 13]
[15, 25, 38, 13]
[5, 12, 63, 13]
[53, 12, 51, 13]
[6, 59, 63, 1]
[58, 13, 1, 0]
[34, 13, 1, 0]
[16, 25, 63, 13]
[40, 21, 1, 0]
[19, 62, 61, 1]
[56, 49, 63, 1]
[8, 21, 1, 0]
[45, 62, 62, 1]
[11, 63, 2, 1]
[61, 14, 26, 63]
[3, 37, 62, 1]
[55, 22, 51, 1]
[49, 46, 38, 13]
[34, 55, 63, 63]
[44, 47, 1, 0]
[35, 57, 1, 0]
[53, 3, 4, 63]
[20, 39, 15, 51]
[37, 25, 52, 13]
[55, 7, 4, 61]
[9, 38, 60, 13]
[33, 5, 15, 62]
[9, 29, 27, 50]
[15, 27, 18, 51]
[9, 46, 2, 41]
[53, 4, 3, 63]
[3, 25, 46, 13]
[55, 5, 46, 41]
[55, 61, 38, 1]
[55, 25, 50, 13]
[49, 9, 51, 2]
[29, 11, 62, 1]
[7, 33, 50, 13]
[57, 56, 13, 63]
[15, 45, 62, 1]
[7, 37, 1, 0]
[11, 56, 60, 3]
[45, 5, 3, 62]
[11, 53, 52, 5]
[1, 0, 32, 17]
[13, 0, 32, 17]
[63, 63, 32, 49]
[51, 63, 32, 49]
[50, 13, 17, 32]
[63, 41, 49, 32]
[3, 62, 15, 17]
[63, 23, 49, 32]
[25, 13, 49, 32]
[46, 41, 17, 32]
[25, 51, 49, 32]
[54, 63, 35, 49]
[30, 41, 29, 32]
[34, 13, 17, 32]
[55, 7, 36, 45]
[9, 38, 28, 29]
[53, 4, 19, 47]
[11, 56, 28, 51]
[63, 63, 24, 33]
[51, 63, 56, 33]
[63, 41, 33, 40]
[12, 1, 21, 40]
[11, 63, 10, 33]
[37, 25, 28, 29]
[55, 7, 60, 61]
[29, 11, 54, 1]
[11, 53, 12, 53]
[51, 41, 8, 31]
[51, 21, 8, 19]
[43, 17, 16, 55]
[53, 62, 16, 21]
[11, 23, 48, 33]
[55, 38, 16, 17]
[7, 37, 20, 3]
[45, 5, 36, 29]
[57, 56, 12, 51]
