[1, 0, 0, 1]
[0, 1, 1, 0]
[1, 63, 0, 1]
[13, 0, 0, 1]
[63, 63, 0, 1]
[13, 63, 0, 1]
[0, 13, 1, 0]
[62, 1, 1, 0]
[63, 62, 0, 1]
[51, 63, 0, 1]
[63, 13, 1, 0]
[62, 3, 1, 63]
[2, 1, 63, 0]
[38, 1, 13, 0]
[61, 1, 1, 0]
[51, 62, 0, 1]
[63, 51, 1, 0]
[63, 14, 1, 63]
[50, 13, 1, 0]
[63, 41, 1, 0]
[38, 13, 1, 0]
[51, 41, 1, 0]
[3, 62, 63, 1]
[2, 3, 63, 63]
[38, 3, 13, 63]
[26, 1, 51, 0]
[61, 4, 1, 63]
[3, 1, 63, 0]
[25, 1, 13, 0]
[60, 1, 1, 0]
[49, 13, 1, 0]
[63, 52, 1, 63]
[12, 51, 1, 0]
[63, 23, 1, 0]
[50, 27, 1, 63]
[14, 13, 63, 0]
[10, 13, 13, 0]
[37, 13, 1, 0]
[63, 42, 1, 63]
[22, 41, 1, 0]
[38, 39, 1, 63]
[26, 13, 63, 0]
[46, 13, 13, 0]
[25, 13, 1, 0]
[51, 54, 1, 63]
[51, 21, 1, 0]
[46, 41, 1, 0]
[23, 21, 1, 0]
[39, 62, 51, 1]
[5, 62, 62, 1]
[26, 3, 51, 63]
[27, 38, 51, 13]
[4, 61, 63, 1]
[25, 4, 13, 63]
[60, 5, 1, 63]
[4, 1, 63, 0]
[12, 1, 13, 0]
[59, 1, 1, 0]
[48, 13, 1, 0]
[11, 51, 1, 0]
[49, 28, 1, 63]
[15, 13, 63, 0]
[36, 13, 1, 0]
[49, 41, 1, 0]
[12, 39, 1, 63]
[52, 51, 63, 0]
[25, 51, 1, 0]
[12, 23, 1, 0]
[63, 24, 1, 63]
[40, 23, 1, 0]
[54, 63, 51, 1]
[15, 63, 62, 1]
[10, 27, 13, 63]
[27, 13, 63, 0]
[33, 13, 13, 0]
[24, 13, 1, 0]
[22, 19, 1, 63]
[42, 41, 63, 0]
[30, 41, 13, 0]
[45, 41, 1, 0]
[42, 21, 1, 0]
[46, 39, 13, 63]
[25, 52, 1, 63]
[5, 13, 13, 0]
[51, 43, 1, 0]
[10, 31, 1, 63]
[33, 41, 1, 0]
[51, 34, 1, 63]
[18, 41, 63, 0]
[59, 3, 2, 63]
[5, 57, 62, 3]
[7, 62, 61, 1]
[5, 38, 62, 13]
[29, 38, 50, 13]
[39, 26, 13, 51]
[31, 38, 23, 13]
[53, 38, 38, 13]
[19, 46, 23, 41]
[52, 61, 51, 1]
[7, 61, 62, 1]
[40, 25, 51, 13]
[12, 5, 13, 63]
[48, 29, 1, 63]
[48, 41, 1, 0]
[11, 40, 1, 63]
[53, 51, 63, 0]
[24, 51, 1, 0]
[11, 23, 1, 0]
[15, 38, 63, 13]
[61, 28, 13, 63]
[20, 13, 13, 0]
[44, 41, 1, 0]
[53, 63, 62, 1]
[52, 39, 63, 63]
[28, 39, 13, 63]
[40, 47, 1, 63]
[49, 14, 2, 63]
[15, 48, 62, 3]
[49, 63, 2, 1]
[33, 40, 13, 63]
[9, 32, 1, 63]
[55, 41, 63, 0]
[9, 21, 1, 0]
[30, 19, 13, 63]
[18, 31, 51, 51]
[22, 59, 13, 63]
[59, 8, 2, 61]
[9, 62, 60, 1]
[5, 33, 62, 15]
[29, 9, 50, 27]
[57, 38, 10, 13]
[39, 18, 13, 23]
[11, 38, 26, 13]
[49, 38, 46, 13]
[57, 4, 2, 63]
[57, 61, 2, 1]
[8, 25, 23, 13]
[5, 12, 63, 13]
[5, 6, 63, 63]
[19, 61, 62, 1]
[16, 25, 63, 13]
[29, 48, 63, 1]
[48, 57, 1, 63]
[15, 40, 13, 63]
[19, 62, 61, 1]
[44, 49, 51, 1]
[45, 62, 62, 1]
[27, 12, 62, 1]
[8, 47, 13, 63]
[9, 54, 14, 51]
[7, 43, 1, 0]
[11, 50, 51, 1]
[34, 19, 51, 63]
[19, 10, 51, 1]
[45, 8, 13, 63]
[35, 57, 1, 0]
[53, 3, 4, 63]
[37, 25, 52, 13]
[55, 7, 4, 61]
[32, 3, 15, 63]
[57, 45, 10, 3]
[15, 27, 18, 51]
[9, 46, 2, 41]
[7, 39, 62, 51]
[29, 39, 12, 51]
[5, 11, 63, 62]
[50, 7, 13, 63]
[55, 25, 50, 13]
[11, 28, 50, 13]
[19, 31, 14, 51]
[61, 37, 2, 1]
[11, 56, 60, 3]
[11, 3, 60, 63]
[55, 16, 4, 57]
[53, 53, 12, 5]
[45, 5, 3, 62]
[49, 20, 51, 3]
[9, 31, 12, 51]
[13, 0, 8, 9]
[63, 63, 24, 33]
[51, 63, 56, 33]
[51, 62, 56, 57]
[9, 62, 4, 57]
[29, 39, 52, 35]
[55, 16, 60, 1]
[9, 62, 60, 11]
[51, 41, 8, 31]
[11, 51, 48, 37]
[51, 34, 8, 11]
[7, 62, 8, 21]
[15, 40, 48, 53]
[49, 20, 16, 53]
