[1, 0, 0, 1]
[0, 1, 1, 0]
[1, 63, 0, 1]
[13, 0, 0, 1]
[1, 62, 0, 1]
[63, 63, 0, 1]
[13, 63, 0, 1]
[0, 13, 1, 0]
[62, 1, 1, 0]
[1, 61, 0, 1]
[63, 62, 0, 1]
[13, 62, 0, 1]
[51, 63, 0, 1]
[63, 13, 1, 0]
[62, 3, 1, 63]
[2, 1, 63, 0]
[38, 1, 13, 0]
[61, 1, 1, 0]
[63, 61, 0, 1]
[13, 61, 0, 1]
[51, 62, 0, 1]
[63, 51, 1, 0]
[51, 12, 0, 1]
[63, 14, 1, 63]
[50, 13, 1, 0]
[63, 41, 1, 0]
[38, 13, 1, 0]
[51, 41, 1, 0]
[3, 62, 63, 1]
[62, 5, 1, 62]
[2, 3, 63, 63]
[38, 3, 13, 63]
[26, 1, 51, 0]
[61, 4, 1, 63]
[3, 1, 63, 0]
[25, 1, 13, 0]
[63, 60, 0, 1]
[51, 61, 0, 1]
[49, 13, 1, 0]
[63, 52, 1, 63]
[14, 63, 63, 1]
[63, 15, 1, 62]
[1, 14, 63, 63]
[50, 27, 1, 63]
[14, 13, 63, 0]
[10, 13, 13, 0]
[22, 41, 1, 0]
[38, 39, 1, 63]
[26, 13, 63, 0]
[25, 13, 1, 0]
[51, 23, 1, 0]
[51, 54, 1, 63]
[10, 41, 1, 0]
[51, 21, 1, 0]
[23, 21, 1, 0]
[3, 59, 63, 2]
[61, 62, 1, 1]
[39, 62, 51, 1]
[62, 7, 1, 61]
[2, 5, 63, 62]
[38, 5, 13, 62]
[26, 3, 51, 63]
[26, 39, 51, 13]
[27, 38, 51, 13]
[61, 7, 1, 62]
[3, 4, 63, 63]
[25, 4, 13, 63]
[60, 5, 1, 63]
[15, 62, 63, 1]
[49, 28, 1, 63]
[63, 53, 1, 62]
[1, 52, 63, 63]
[63, 24, 1, 63]
[14, 49, 63, 2]
[50, 63, 1, 1]
[54, 63, 51, 1]
[14, 27, 63, 63]
[10, 27, 13, 63]
[37, 40, 1, 63]
[27, 13, 63, 0]
[33, 13, 13, 0]
[9, 41, 1, 0]
[1, 42, 63, 63]
[22, 19, 1, 63]
[42, 41, 63, 0]
[42, 21, 1, 0]
[10, 31, 1, 63]
[54, 41, 63, 0]
[39, 59, 51, 2]
[25, 62, 13, 1]
[5, 57, 62, 3]
[2, 7, 63, 61]
[38, 7, 13, 61]
[26, 5, 51, 62]
[5, 38, 62, 13]
[29, 38, 50, 13]
[27, 11, 51, 26]
[37, 38, 13, 13]
[31, 38, 23, 13]
[19, 46, 23, 41]
[4, 57, 63, 2]
[60, 61, 1, 1]
[60, 9, 1, 62]
[4, 5, 63, 63]
[16, 61, 63, 1]
[48, 29, 1, 63]
[49, 43, 1, 62]
[15, 28, 63, 63]
[12, 27, 1, 62]
[52, 39, 63, 63]
[25, 23, 1, 0]
[24, 63, 63, 1]
[50, 49, 1, 2]
[54, 49, 51, 2]
[10, 63, 13, 1]
[15, 48, 62, 3]
[49, 63, 2, 1]
[37, 50, 1, 1]
[37, 3, 1, 62]
[27, 40, 63, 63]
[33, 40, 13, 63]
[9, 32, 1, 63]
[22, 61, 1, 62]
[42, 19, 63, 63]
[25, 27, 1, 62]
[39, 52, 63, 63]
[54, 31, 63, 63]
[59, 8, 2, 61]
[5, 3, 62, 63]
[59, 39, 2, 51]
[59, 57, 2, 3]
[9, 62, 60, 1]
[5, 33, 62, 15]
[35, 3, 14, 63]
[29, 9, 50, 27]
[57, 38, 10, 13]
[31, 11, 23, 26]
[53, 49, 38, 39]
[11, 38, 26, 13]
[49, 38, 46, 13]
[45, 46, 10, 41]
[19, 27, 23, 18]
[57, 61, 2, 1]
[7, 25, 62, 13]
[40, 49, 51, 26]
[24, 25, 13, 13]
[5, 6, 63, 63]
[3, 28, 51, 63]
[61, 31, 13, 50]
[53, 10, 62, 3]
[44, 63, 63, 1]
[49, 29, 2, 61]
[15, 14, 62, 63]
[61, 14, 26, 63]
[9, 54, 14, 51]
[49, 48, 2, 3]
[27, 3, 63, 62]
[33, 3, 13, 62]
[31, 40, 51, 63]
[24, 29, 1, 62]
[40, 53, 63, 63]
[5, 27, 13, 62]
[33, 10, 1, 1]
[59, 25, 2, 13]
[59, 44, 2, 49]
[57, 12, 3, 59]
[35, 9, 14, 27]
[11, 16, 26, 25]
[53, 27, 38, 51]
[15, 27, 18, 51]
[53, 60, 38, 1]
[11, 49, 26, 39]
[49, 49, 46, 39]
[57, 11, 2, 61]
[7, 4, 62, 63]
[3, 25, 46, 13]
[35, 5, 10, 41]
[55, 60, 2, 1]
[6, 53, 63, 2]
[58, 59, 1, 1]
[28, 33, 63, 14]
[3, 31, 51, 50]
[37, 12, 2, 1]
[44, 19, 63, 2]
[19, 31, 14, 51]
[30, 7, 13, 13]
[55, 16, 4, 57]
[9, 7, 60, 61]
[1, 32, 38, 41]
[7, 32, 54, 49]
[9, 49, 2, 51]
[13, 62, 8, 57]
