[1, 0, 0, 1]
[1, 63, 0, 1]
[13, 0, 0, 1]
[1, 62, 0, 1]
[63, 63, 0, 1]
[13, 63, 0, 1]
[13, 51, 0, 1]
[1, 61, 0, 1]
[63, 62, 0, 1]
[13, 62, 0, 1]
[51, 63, 0, 1]
[13, 50, 0, 1]
[51, 51, 0, 1]
[41, 51, 0, 1]
[62, 3, 1, 63]
[1, 60, 0, 1]
[63, 61, 0, 1]
[13, 61, 0, 1]
[51, 62, 0, 1]
[13, 49, 0, 1]
[51, 12, 0, 1]
[63, 14, 1, 63]
[51, 50, 0, 1]
[41, 50, 0, 1]
[23, 51, 0, 1]
[62, 5, 1, 62]
[2, 3, 63, 63]
[38, 3, 13, 63]
[38, 27, 13, 51]
[61, 4, 1, 63]
[63, 60, 0, 1]
[13, 60, 0, 1]
[51, 61, 0, 1]
[51, 49, 0, 1]
[41, 49, 0, 1]
[63, 52, 1, 63]
[23, 40, 0, 1]
[63, 15, 1, 62]
[1, 14, 63, 63]
[50, 27, 1, 63]
[23, 50, 0, 1]
[63, 42, 1, 63]
[51, 54, 1, 63]
[3, 59, 63, 2]
[62, 7, 1, 61]
[2, 5, 63, 62]
[38, 5, 13, 62]
[26, 3, 51, 63]
[38, 29, 13, 50]
[26, 39, 51, 13]
[26, 27, 51, 51]
[46, 27, 41, 51]
[61, 7, 1, 62]
[3, 4, 63, 63]
[25, 4, 13, 63]
[25, 40, 13, 51]
[60, 5, 1, 63]
[51, 48, 0, 1]
[49, 28, 1, 63]
[23, 49, 0, 1]
[63, 53, 1, 62]
[1, 52, 63, 63]
[63, 24, 1, 63]
[14, 49, 63, 2]
[54, 63, 51, 1]
[63, 16, 1, 61]
[1, 15, 63, 62]
[14, 27, 63, 63]
[10, 27, 13, 63]
[10, 3, 13, 51]
[1, 42, 63, 63]
[51, 42, 13, 63]
[3, 56, 63, 3]
[61, 59, 1, 2]
[39, 59, 51, 2]
[5, 57, 62, 3]
[62, 9, 1, 60]
[2, 7, 63, 61]
[38, 7, 13, 61]
[26, 5, 51, 62]
[38, 31, 13, 49]
[3, 35, 63, 14]
[26, 29, 51, 50]
[46, 29, 41, 50]
[27, 11, 51, 26]
[18, 27, 23, 51]
[4, 57, 63, 2]
[61, 10, 1, 61]
[3, 7, 63, 62]
[25, 7, 13, 62]
[39, 4, 51, 63]
[25, 43, 13, 50]
[39, 40, 51, 51]
[5, 40, 41, 51]
[60, 9, 1, 62]
[4, 5, 63, 63]
[12, 5, 13, 63]
[48, 29, 1, 63]
[49, 43, 1, 62]
[15, 28, 63, 63]
[61, 28, 13, 63]
[49, 56, 1, 63]
[1, 53, 63, 62]
[12, 27, 1, 62]
[14, 35, 63, 3]
[50, 49, 1, 2]
[54, 49, 51, 2]
[10, 63, 13, 1]
[54, 9, 51, 14]
[15, 48, 62, 3]
[1, 16, 63, 61]
[10, 17, 13, 50]
[10, 57, 13, 38]
[54, 3, 51, 51]
[2, 31, 13, 63]
[59, 8, 2, 61]
[3, 53, 63, 4]
[25, 37, 13, 52]
[59, 57, 2, 3]
[7, 55, 61, 4]
[38, 9, 13, 60]
[29, 9, 50, 27]
[18, 29, 23, 50]
[27, 48, 51, 39]
[37, 11, 13, 26]
[31, 11, 23, 26]
[31, 7, 23, 54]
[4, 53, 63, 3]
[60, 57, 1, 2]
[52, 9, 51, 14]
[39, 29, 51, 12]
[40, 49, 51, 26]
[4, 9, 63, 62]
[12, 9, 13, 62]
[52, 5, 51, 63]
[12, 57, 13, 50]
[28, 53, 41, 51]
[59, 11, 1, 62]
[5, 6, 63, 63]
[48, 45, 1, 62]
[16, 29, 63, 63]
[11, 29, 1, 62]
[15, 40, 13, 63]
[3, 28, 51, 63]
[61, 31, 13, 50]
[49, 7, 1, 62]
[15, 56, 63, 63]
[63, 55, 1, 60]
[40, 7, 1, 62]
[8, 47, 13, 63]
[49, 29, 2, 61]
[10, 53, 13, 52]
[56, 11, 3, 60]
[61, 53, 1, 4]
[37, 5, 39, 62]
[57, 55, 3, 4]
[27, 55, 25, 4]
[9, 53, 60, 5]
[1, 33, 38, 15]
[35, 9, 14, 27]
[57, 45, 10, 3]
[11, 16, 26, 25]
[57, 11, 2, 61]
[4, 49, 63, 4]
[12, 49, 13, 52]
[59, 16, 1, 61]
[5, 11, 63, 62]
[48, 9, 1, 62]
[16, 57, 63, 63]
[24, 7, 63, 62]
[54, 5, 51, 28]
[55, 16, 4, 57]
[55, 53, 4, 5]
[53, 53, 12, 5]
[15, 49, 18, 39]
[11, 53, 52, 5]
[53, 0, 12, 57]
[46, 27, 3, 25]
[62, 9, 11, 60]
[46, 29, 3, 14]
[18, 27, 61, 25]
[3, 53, 29, 52]
[25, 37, 7, 4]
[18, 29, 61, 14]
[39, 29, 57, 12]
[10, 53, 47, 4]
[56, 11, 17, 12]
[55, 53, 4, 15]
[1, 52, 36, 9]
[54, 63, 51, 28]
[38, 31, 17, 12]
[28, 53, 31, 44]
