[1, 0, 0, 1]
[0, 1, 1, 0]
[13, 0, 0, 1]
[0, 13, 1, 0]
[62, 1, 1, 0]
[63, 13, 1, 0]
[2, 1, 63, 0]
[61, 1, 1, 0]
[63, 51, 1, 0]
[50, 13, 1, 0]
[38, 13, 1, 0]
[51, 41, 1, 0]
[3, 62, 63, 1]
[60, 1, 1, 0]
[49, 13, 1, 0]
[12, 51, 1, 0]
[14, 63, 63, 1]
[37, 13, 1, 0]
[22, 41, 1, 0]
[26, 13, 63, 0]
[25, 13, 1, 0]
[51, 23, 1, 0]
[10, 41, 1, 0]
[46, 41, 1, 0]
[23, 21, 1, 0]
[5, 62, 62, 1]
[4, 61, 63, 1]
[59, 1, 1, 0]
[48, 13, 1, 0]
[11, 51, 1, 0]
[15, 62, 63, 1]
[36, 13, 1, 0]
[52, 51, 63, 0]
[25, 51, 1, 0]
[40, 23, 1, 0]
[15, 63, 62, 1]
[27, 50, 63, 1]
[24, 13, 1, 0]
[9, 41, 1, 0]
[42, 41, 63, 0]
[45, 41, 1, 0]
[54, 41, 63, 0]
[33, 41, 1, 0]
[18, 41, 63, 0]
[43, 17, 1, 0]
[59, 3, 2, 63]
[29, 38, 50, 13]
[39, 26, 13, 51]
[53, 38, 38, 13]
[7, 61, 62, 1]
[58, 1, 1, 0]
[59, 13, 1, 0]
[16, 61, 63, 1]
[20, 41, 1, 0]
[24, 51, 1, 0]
[28, 49, 63, 1]
[53, 23, 1, 0]
[24, 63, 63, 1]
[49, 14, 2, 63]
[55, 50, 63, 1]
[19, 22, 63, 1]
[31, 10, 63, 1]
[34, 17, 1, 0]
[47, 29, 1, 0]
[9, 62, 60, 1]
[35, 3, 14, 63]
[39, 18, 13, 23]
[11, 27, 26, 51]
[45, 46, 10, 41]
[6, 59, 63, 1]
[34, 13, 1, 0]
[19, 61, 62, 1]
[44, 61, 63, 1]
[45, 62, 62, 1]
[53, 43, 1, 0]
[9, 54, 14, 51]
[3, 37, 62, 1]
[7, 43, 1, 0]
[53, 3, 4, 63]
[37, 25, 52, 13]
[55, 7, 4, 61]
[33, 5, 15, 62]
[53, 4, 3, 63]
[9, 52, 14, 51]
[49, 12, 23, 13]
[45, 48, 62, 1]
[11, 56, 60, 3]
[9, 31, 12, 51]
[37, 25, 20, 61]
[9, 31, 44, 3]
[1, 0, 40, 9]
[13, 0, 8, 9]
[51, 41, 8, 31]
[51, 23, 8, 33]
[11, 51, 48, 37]
[43, 17, 16, 55]
