[1, 0, 0, 1]
[0, 1, 1, 0]
[1, 63, 0, 1]
[13, 0, 0, 1]
[63, 63, 0, 1]
[0, 13, 1, 0]
[62, 1, 1, 0]
[63, 13, 1, 0]
[62, 3, 1, 63]
[2, 1, 63, 0]
[61, 1, 1, 0]
[63, 51, 1, 0]
[63, 14, 1, 63]
[50, 13, 1, 0]
[38, 13, 1, 0]
[51, 41, 1, 0]
[3, 62, 63, 1]
[2, 3, 63, 63]
[61, 4, 1, 63]
[3, 1, 63, 0]
[60, 1, 1, 0]
[49, 13, 1, 0]
[63, 52, 1, 63]
[12, 51, 1, 0]
[14, 63, 63, 1]
[50, 27, 1, 63]
[14, 13, 63, 0]
[37, 13, 1, 0]
[38, 39, 1, 63]
[26, 13, 63, 0]
[25, 13, 1, 0]
[51, 23, 1, 0]
[51, 54, 1, 63]
[10, 41, 1, 0]
[23, 21, 1, 0]
[5, 62, 62, 1]
[27, 38, 51, 13]
[4, 61, 63, 1]
[60, 5, 1, 63]
[59, 1, 1, 0]
[11, 51, 1, 0]
[15, 62, 63, 1]
[49, 28, 1, 63]
[15, 13, 63, 0]
[36, 13, 1, 0]
[25, 51, 1, 0]
[40, 23, 1, 0]
[15, 63, 62, 1]
[27, 50, 63, 1]
[37, 40, 1, 63]
[27, 13, 63, 0]
[24, 13, 1, 0]
[42, 21, 1, 0]
[46, 39, 13, 63]
[25, 52, 1, 63]
[10, 31, 1, 63]
[51, 34, 1, 63]
[59, 3, 2, 63]
[5, 57, 62, 3]
[5, 38, 62, 13]
[29, 38, 50, 13]
[53, 38, 38, 13]
[40, 25, 51, 13]
[59, 6, 1, 63]
[16, 61, 63, 1]
[48, 29, 1, 63]
[11, 40, 1, 63]
[28, 49, 63, 1]
[28, 13, 63, 0]
[24, 63, 63, 1]
[49, 14, 2, 63]
[15, 48, 62, 3]
[49, 63, 2, 1]
[54, 31, 63, 63]
[9, 62, 60, 1]
[35, 3, 14, 63]
[29, 9, 50, 27]
[57, 38, 10, 13]
[11, 27, 26, 51]
[53, 49, 38, 39]
[11, 38, 26, 13]
[53, 12, 51, 13]
[36, 49, 1, 1]
[53, 3, 4, 63]
[37, 25, 52, 13]
[55, 7, 4, 61]
[9, 53, 60, 5]
[9, 38, 60, 13]
[49, 53, 39, 38]
[53, 4, 3, 63]
[11, 56, 60, 3]
[1, 0, 40, 9]
[1, 63, 40, 33]
[13, 0, 8, 9]
[63, 63, 24, 33]
[9, 62, 4, 57]
