[1, 0, 0, 1]
[0, 1, 1, 0]
[1, 63, 0, 1]
[0, 13, 1, 0]
[62, 1, 1, 0]
[63, 13, 1, 0]
[62, 3, 1, 63]
[61, 1, 1, 0]
[63, 51, 1, 0]
[50, 13, 1, 0]
[38, 13, 1, 0]
[51, 41, 1, 0]
[61, 4, 1, 63]
[60, 1, 1, 0]
[49, 13, 1, 0]
[12, 51, 1, 0]
[50, 27, 1, 63]
[37, 13, 1, 0]
[22, 41, 1, 0]
[38, 39, 1, 63]
[25, 13, 1, 0]
[51, 23, 1, 0]
[10, 41, 1, 0]
[46, 41, 1, 0]
[23, 21, 1, 0]
[5, 62, 62, 1]
[60, 5, 1, 63]
[59, 1, 1, 0]
[48, 13, 1, 0]
[11, 51, 1, 0]
[49, 28, 1, 63]
[36, 13, 1, 0]
[12, 39, 1, 63]
[25, 51, 1, 0]
[40, 23, 1, 0]
[15, 63, 62, 1]
[37, 40, 1, 63]
[24, 13, 1, 0]
[9, 41, 1, 0]
[22, 19, 1, 63]
[45, 41, 1, 0]
[42, 21, 1, 0]
[33, 41, 1, 0]
[46, 59, 1, 63]
[5, 57, 62, 3]
[29, 38, 50, 13]
[39, 26, 13, 51]
[53, 38, 38, 13]
[7, 61, 62, 1]
[59, 6, 1, 63]
[58, 1, 1, 0]
[48, 29, 1, 63]
[20, 41, 1, 0]
[11, 40, 1, 63]
[24, 51, 1, 0]
[28, 13, 63, 0]
[8, 41, 1, 0]
[53, 23, 1, 0]
[15, 48, 62, 3]
[9, 32, 1, 63]
[45, 60, 1, 63]
[33, 8, 1, 63]
[34, 17, 1, 0]
[47, 29, 1, 0]
[9, 62, 60, 1]
[29, 9, 50, 27]
[39, 18, 13, 23]
[36, 1, 13, 0]
[53, 49, 38, 39]
[45, 46, 10, 41]
[58, 7, 1, 63]
[34, 13, 1, 0]
[19, 61, 62, 1]
[45, 62, 62, 1]
[53, 34, 1, 63]
[9, 54, 14, 51]
[7, 43, 1, 0]
[53, 3, 4, 63]
[37, 25, 52, 13]
[9, 53, 60, 5]
[49, 53, 39, 38]
[9, 52, 14, 51]
[49, 12, 23, 13]
[55, 61, 38, 1]
[45, 48, 62, 1]
[11, 3, 60, 63]
[45, 5, 3, 62]
[9, 31, 12, 51]
[1, 0, 40, 9]
[1, 63, 40, 33]
[9, 53, 4, 53]
[51, 41, 8, 31]
[51, 23, 8, 33]
[11, 51, 48, 37]
[11, 40, 48, 53]
[49, 53, 44, 37]
