[1, 0, 0, 1]
[0, 1, 1, 0]
[1, 63, 0, 1]
[0, 13, 1, 0]
[62, 1, 1, 0]
[63, 13, 1, 0]
[62, 3, 1, 63]
[61, 1, 1, 0]
[63, 14, 1, 63]
[50, 13, 1, 0]
[38, 13, 1, 0]
[51, 41, 1, 0]
[3, 62, 63, 1]
[60, 1, 1, 0]
[49, 13, 1, 0]
[12, 51, 1, 0]
[14, 63, 63, 1]
[37, 13, 1, 0]
[22, 41, 1, 0]
[38, 39, 1, 63]
[25, 13, 1, 0]
[51, 54, 1, 63]
[10, 41, 1, 0]
[46, 41, 1, 0]
[23, 21, 1, 0]
[5, 62, 62, 1]
[27, 38, 51, 13]
[4, 61, 63, 1]
[59, 1, 1, 0]
[48, 13, 1, 0]
[11, 51, 1, 0]
[15, 62, 63, 1]
[36, 13, 1, 0]
[12, 39, 1, 63]
[40, 23, 1, 0]
[15, 63, 62, 1]
[27, 50, 63, 1]
[24, 13, 1, 0]
[9, 41, 1, 0]
[22, 19, 1, 63]
[45, 41, 1, 0]
[42, 21, 1, 0]
[33, 41, 1, 0]
[46, 59, 1, 63]
[43, 17, 1, 0]
[59, 3, 2, 63]
[29, 38, 50, 13]
[39, 26, 13, 51]
[53, 38, 38, 13]
[7, 61, 62, 1]
[40, 25, 51, 13]
[59, 6, 1, 63]
[58, 1, 1, 0]
[16, 61, 63, 1]
[20, 41, 1, 0]
[28, 49, 63, 1]
[53, 23, 1, 0]
[24, 63, 63, 1]
[20, 43, 1, 0]
[49, 14, 2, 63]
[55, 50, 63, 1]
[19, 22, 63, 1]
[31, 10, 63, 1]
[53, 21, 1, 0]
[34, 17, 1, 0]
[47, 29, 1, 0]
[9, 62, 60, 1]
[35, 3, 14, 63]
[39, 18, 13, 23]
[11, 27, 26, 51]
[45, 46, 10, 41]
[53, 12, 51, 13]
[6, 59, 63, 1]
[34, 13, 1, 0]
[19, 61, 62, 1]
[19, 62, 61, 1]
[45, 62, 62, 1]
[9, 54, 14, 51]
[7, 43, 1, 0]
[53, 3, 4, 63]
[37, 25, 52, 13]
[55, 7, 4, 61]
[9, 52, 14, 51]
[45, 16, 2, 63]
[45, 48, 62, 1]
[7, 36, 1, 63]
[11, 56, 60, 3]
[9, 31, 12, 51]
[1, 0, 40, 9]
[1, 63, 40, 33]
[37, 25, 28, 29]
[55, 7, 60, 61]
[51, 41, 8, 31]
[51, 54, 8, 23]
[11, 51, 48, 37]
[43, 17, 16, 55]
