[1, 0, 0, 1]
[0, 1, 1, 0]
[1, 63, 0, 1]
[13, 0, 0, 1]
[63, 63, 0, 1]
[0, 13, 1, 0]
[62, 1, 1, 0]
[63, 13, 1, 0]
[62, 3, 1, 63]
[2, 1, 63, 0]
[61, 1, 1, 0]
[63, 51, 1, 0]
[63, 14, 1, 63]
[50, 13, 1, 0]
[38, 13, 1, 0]
[51, 41, 1, 0]
[3, 62, 63, 1]
[2, 3, 63, 63]
[3, 1, 63, 0]
[60, 1, 1, 0]
[49, 13, 1, 0]
[14, 63, 63, 1]
[1, 14, 63, 63]
[14, 13, 63, 0]
[37, 13, 1, 0]
[22, 41, 1, 0]
[38, 39, 1, 63]
[25, 13, 1, 0]
[51, 23, 1, 0]
[51, 54, 1, 63]
[10, 41, 1, 0]
[23, 21, 1, 0]
[61, 62, 1, 1]
[5, 62, 62, 1]
[27, 38, 51, 13]
[4, 61, 63, 1]
[4, 1, 63, 0]
[59, 1, 1, 0]
[15, 62, 63, 1]
[15, 13, 63, 0]
[36, 13, 1, 0]
[12, 39, 1, 63]
[25, 51, 1, 0]
[40, 23, 1, 0]
[50, 63, 1, 1]
[15, 63, 62, 1]
[27, 50, 63, 1]
[27, 13, 63, 0]
[22, 19, 1, 63]
[42, 21, 1, 0]
[10, 31, 1, 63]
[51, 34, 1, 63]
[59, 3, 2, 63]
[5, 38, 62, 13]
[29, 38, 50, 13]
[37, 38, 13, 13]
[53, 38, 38, 13]
[19, 46, 23, 41]
[40, 25, 51, 13]
[59, 6, 1, 63]
[59, 13, 1, 0]
[16, 61, 63, 1]
[20, 41, 1, 0]
[53, 62, 63, 1]
[24, 51, 1, 0]
[49, 62, 1, 1]
[28, 49, 63, 1]
[24, 63, 63, 1]
[49, 14, 2, 63]
[49, 63, 2, 1]
[16, 63, 61, 1]
[54, 31, 63, 63]
[5, 3, 62, 63]
[9, 62, 60, 1]
[35, 3, 14, 63]
[57, 38, 10, 13]
[11, 27, 26, 51]
[11, 38, 26, 13]
[15, 25, 38, 13]
[53, 12, 51, 13]
[44, 61, 63, 1]
[15, 14, 62, 63]
[7, 43, 1, 0]
[53, 3, 4, 63]
[55, 7, 4, 61]
[9, 38, 60, 13]
[53, 27, 38, 51]
[49, 12, 23, 13]
[11, 56, 60, 3]
[11, 3, 60, 63]
[9, 7, 60, 61]
[1, 0, 40, 9]
[1, 63, 40, 33]
[13, 0, 8, 9]
[63, 63, 24, 33]
[9, 62, 4, 57]
