[1, 0, 0, 1]
[0, 1, 1, 0]
[1, 63, 0, 1]
[13, 0, 0, 1]
[1, 62, 0, 1]
[63, 63, 0, 1]
[0, 13, 1, 0]
[62, 1, 1, 0]
[1, 61, 0, 1]
[63, 62, 0, 1]
[63, 13, 1, 0]
[62, 3, 1, 63]
[2, 1, 63, 0]
[61, 1, 1, 0]
[63, 61, 0, 1]
[63, 51, 1, 0]
[63, 14, 1, 63]
[50, 13, 1, 0]
[51, 41, 1, 0]
[3, 62, 63, 1]
[62, 5, 1, 62]
[2, 3, 63, 63]
[61, 4, 1, 63]
[3, 1, 63, 0]
[60, 1, 1, 0]
[49, 13, 1, 0]
[63, 52, 1, 63]
[14, 63, 63, 1]
[63, 15, 1, 62]
[1, 14, 63, 63]
[50, 27, 1, 63]
[14, 13, 63, 0]
[25, 13, 1, 0]
[51, 23, 1, 0]
[51, 54, 1, 63]
[3, 59, 63, 2]
[61, 62, 1, 1]
[5, 62, 62, 1]
[62, 7, 1, 61]
[2, 5, 63, 62]
[27, 38, 51, 13]
[4, 61, 63, 1]
[61, 7, 1, 62]
[3, 4, 63, 63]
[60, 5, 1, 63]
[4, 1, 63, 0]
[15, 62, 63, 1]
[49, 28, 1, 63]
[63, 53, 1, 62]
[1, 52, 63, 63]
[12, 39, 1, 63]
[14, 49, 63, 2]
[50, 63, 1, 1]
[15, 63, 62, 1]
[14, 27, 63, 63]
[25, 52, 1, 63]
[51, 34, 1, 63]
[59, 3, 2, 63]
[5, 57, 62, 3]
[2, 7, 63, 61]
[5, 38, 62, 13]
[29, 38, 50, 13]
[27, 11, 51, 26]
[4, 57, 63, 2]
[7, 61, 62, 1]
[40, 25, 51, 13]
[60, 9, 1, 62]
[4, 5, 63, 63]
[16, 61, 63, 1]
[48, 29, 1, 63]
[11, 40, 1, 63]
[15, 47, 63, 2]
[50, 49, 1, 2]
[15, 48, 62, 3]
[49, 63, 2, 1]
[16, 63, 61, 1]
[51, 56, 1, 63]
[59, 8, 2, 61]
[5, 3, 62, 63]
[57, 5, 3, 62]
[59, 57, 2, 3]
[9, 62, 60, 1]
[35, 3, 14, 63]
[57, 38, 10, 13]
[40, 49, 51, 26]
[59, 11, 1, 62]
[16, 45, 63, 2]
[49, 48, 2, 3]
[53, 3, 4, 63]
[59, 44, 2, 49]
[55, 7, 4, 61]
[9, 38, 60, 13]
[11, 56, 60, 3]
[11, 3, 60, 63]
[9, 7, 60, 61]
[11, 56, 20, 27]
