[1, 0, 0, 1]
[0, 1, 1, 0]
[1, 63, 0, 1]
[1, 62, 0, 1]
[62, 1, 1, 0]
[1, 61, 0, 1]
[63, 13, 1, 0]
[62, 3, 1, 63]
[61, 1, 1, 0]
[63, 51, 1, 0]
[50, 13, 1, 0]
[38, 13, 1, 0]
[51, 41, 1, 0]
[62, 5, 1, 62]
[61, 4, 1, 63]
[60, 1, 1, 0]
[49, 13, 1, 0]
[12, 51, 1, 0]
[63, 15, 1, 62]
[50, 27, 1, 63]
[37, 13, 1, 0]
[38, 39, 1, 63]
[25, 13, 1, 0]
[51, 23, 1, 0]
[10, 41, 1, 0]
[23, 21, 1, 0]
[3, 59, 63, 2]
[5, 62, 62, 1]
[62, 7, 1, 61]
[61, 7, 1, 62]
[59, 1, 1, 0]
[11, 51, 1, 0]
[49, 28, 1, 63]
[36, 13, 1, 0]
[63, 53, 1, 62]
[25, 51, 1, 0]
[40, 23, 1, 0]
[14, 49, 63, 2]
[15, 63, 62, 1]
[14, 27, 63, 63]
[37, 40, 1, 63]
[24, 13, 1, 0]
[10, 31, 1, 63]
[5, 57, 62, 3]
[7, 62, 61, 1]
[29, 38, 50, 13]
[27, 11, 51, 26]
[53, 38, 38, 13]
[4, 57, 63, 2]
[7, 61, 62, 1]
[60, 9, 1, 62]
[48, 29, 1, 63]
[15, 47, 63, 2]
[49, 43, 1, 62]
[28, 13, 63, 0]
[53, 63, 62, 1]
[15, 48, 62, 3]
[16, 63, 61, 1]
[37, 50, 1, 1]
[37, 3, 1, 62]
[22, 61, 1, 62]
[25, 27, 1, 62]
[54, 31, 63, 63]
[59, 8, 2, 61]
[56, 3, 3, 63]
[9, 62, 60, 1]
[29, 9, 50, 27]
[55, 38, 37, 13]
[53, 49, 38, 39]
[45, 46, 10, 41]
[15, 25, 38, 13]
[9, 60, 62, 1]
[16, 45, 63, 2]
[11, 29, 1, 62]
[28, 21, 63, 2]
[24, 29, 1, 62]
[7, 43, 1, 0]
[53, 3, 4, 63]
[37, 25, 52, 13]
[57, 12, 3, 59]
[9, 53, 60, 5]
[35, 9, 14, 27]
[11, 16, 26, 25]
[49, 53, 39, 38]
[53, 4, 3, 63]
[29, 39, 12, 51]
[6, 53, 63, 2]
[20, 37, 13, 38]
[30, 7, 13, 13]
[55, 16, 4, 57]
[1, 0, 40, 9]
[1, 63, 40, 33]
[1, 62, 40, 57]
[1, 61, 40, 17]
[9, 62, 4, 57]
[55, 16, 60, 1]
