[1, 0, 0, 1]
[0, 1, 1, 0]
[1, 63, 0, 1]
[13, 0, 0, 1]
[1, 62, 0, 1]
[63, 63, 0, 1]
[0, 13, 1, 0]
[13, 51, 0, 1]
[62, 1, 1, 0]
[1, 61, 0, 1]
[63, 62, 0, 1]
[63, 13, 1, 0]
[13, 50, 0, 1]
[51, 51, 0, 1]
[62, 3, 1, 63]
[2, 1, 63, 0]
[61, 1, 1, 0]
[1, 60, 0, 1]
[63, 61, 0, 1]
[13, 49, 0, 1]
[63, 51, 1, 0]
[63, 14, 1, 63]
[51, 50, 0, 1]
[3, 62, 63, 1]
[62, 5, 1, 62]
[2, 3, 63, 63]
[38, 27, 13, 51]
[61, 4, 1, 63]
[3, 1, 63, 0]
[63, 60, 0, 1]
[51, 49, 0, 1]
[63, 52, 1, 63]
[14, 63, 63, 1]
[63, 15, 1, 62]
[1, 14, 63, 63]
[63, 42, 1, 63]
[3, 59, 63, 2]
[61, 62, 1, 1]
[5, 62, 62, 1]
[62, 7, 1, 61]
[2, 5, 63, 62]
[38, 29, 13, 50]
[26, 27, 51, 51]
[4, 61, 63, 1]
[61, 7, 1, 62]
[3, 4, 63, 63]
[25, 40, 13, 51]
[60, 5, 1, 63]
[63, 53, 1, 62]
[1, 52, 63, 63]
[12, 39, 1, 63]
[63, 24, 1, 63]
[50, 63, 1, 1]
[15, 63, 62, 1]
[1, 15, 63, 62]
[27, 50, 63, 1]
[1, 42, 63, 63]
[59, 3, 2, 63]
[61, 59, 1, 2]
[5, 57, 62, 3]
[62, 9, 1, 60]
[2, 7, 63, 61]
[5, 38, 62, 13]
[26, 29, 51, 50]
[4, 57, 63, 2]
[60, 61, 1, 1]
[3, 7, 63, 62]
[39, 40, 51, 51]
[60, 9, 1, 62]
[4, 5, 63, 63]
[12, 53, 13, 51]
[1, 53, 63, 62]
[12, 27, 1, 62]
[52, 39, 63, 63]
[49, 14, 2, 63]
[15, 48, 62, 3]
[49, 63, 2, 1]
[1, 16, 63, 61]
[37, 50, 1, 1]
[59, 8, 2, 61]
[5, 3, 62, 63]
[3, 53, 63, 4]
[59, 57, 2, 3]
[7, 55, 61, 4]
[38, 9, 13, 60]
[11, 27, 26, 51]
[57, 4, 2, 63]
[39, 29, 51, 12]
[4, 9, 63, 62]
[28, 53, 41, 51]
[27, 12, 62, 1]
[49, 29, 2, 61]
[15, 14, 62, 63]
[56, 11, 3, 60]
[57, 55, 3, 4]
[0, 53, 57, 12]
