[0]:[]
[1]:[[1,3,0,1]]
[2]:[[4,0,0,1]]
[3]:[[8,0,0,1]]
[4]:[[4,0,0,4]]
[5]:[[8,0,0,8]]
[6]:[[4,6,3,4]]
[7]:[[0,8,4,2]]
[8]:[[0,8,1,8]]
[9]:[[1,6,3,1]]
[10]:[[1,3,3,1]]
[11]:[[4,6,0,4]]
[12]:[[1,3,0,1], [1,1,0,1]]
[13]:[[1,3,0,1], [4,0,0,1]]
[14]:[[1,3,0,1], [8,0,0,1]]
[15]:[[1,3,0,1], [4,1,0,1]]
[16]:[[1,3,0,1], [4,0,0,4]]
[17]:[[1,3,0,1], [8,0,0,8]]
[18]:[[1,3,0,1], [7,6,3,4]]
[19]:[[1,3,0,1], [4,6,3,4]]
[20]:[[1,3,0,1], [7,0,0,4]]
[21]:[[1,3,0,1], [1,0,0,8]]
[22]:[[1,3,0,1], [1,0,0,4]]
[23]:[[1,3,0,1], [4,5,3,1]]
[24]:[[1,3,0,1], [4,4,3,7]]
[25]:[[1,3,0,1], [7,2,3,1]]
[26]:[[1,3,0,1], [7,7,3,7]]
[27]:[[4,0,0,1], [8,0,0,1]]
[28]:[[4,0,0,1], [4,0,0,4]]
[29]:[[4,0,0,1], [8,0,0,8]]
[30]:[[4,0,0,1], [1,6,6,7]]
[31]:[[4,0,0,1], [7,6,6,1]]
[32]:[[4,0,0,1], [1,6,3,1]]
[33]:[[4,0,0,1], [1,0,3,7]]
[34]:[[4,0,0,1], [1,0,0,8]]
[35]:[[8,0,0,1], [4,0,0,4]]
[36]:[[8,0,0,1], [8,0,0,8]]
[37]:[[8,0,0,1], [7,0,0,4]]
[38]:[[4,0,0,4], [8,0,0,8]]
[39]:[[4,0,0,4], [4,6,3,4]]
[40]:[[4,0,0,4], [0,8,4,2]]
[41]:[[8,0,0,8], [0,4,2,0]]
[42]:[[8,0,0,8], [4,6,3,4]]
[43]:[[8,0,0,8], [0,8,4,2]]
[44]:[[8,0,0,8], [0,8,1,8]]
[45]:[[8,0,0,8], [1,6,3,1]]
[46]:[[8,0,0,8], [1,3,3,1]]
[47]:[[8,0,0,8], [4,6,0,4]]
[48]:[[4,6,3,4], [1,3,3,1]]
[49]:[[0,8,4,2], [6,2,1,2]]
[50]:[[0,8,1,8], [8,1,0,1]]
[51]:[[0,8,1,8], [6,7,4,3]]
[52]:[[1,6,3,1], [8,0,0,1]]
[53]:[[1,6,3,1], [7,3,3,4]]
[54]:[[1,3,3,1], [8,0,0,1]]
[55]:[[1,3,0,1], [1,1,0,1], [4,0,0,1]]
[56]:[[1,3,0,1], [1,1,0,1], [8,0,0,1]]
[57]:[[1,3,0,1], [1,1,0,1], [4,0,0,4]]
[58]:[[1,3,0,1], [1,1,0,1], [8,0,0,8]]
[59]:[[1,3,0,1], [1,1,0,1], [7,0,0,4]]
[60]:[[1,3,0,1], [1,1,0,1], [1,0,0,8]]
[61]:[[1,3,0,1], [1,1,0,1], [1,0,0,4]]
[62]:[[1,3,0,1], [4,0,0,1], [8,0,0,1]]
[63]:[[1,3,0,1], [4,0,0,1], [4,0,0,4]]
[64]:[[1,3,0,1], [4,0,0,1], [8,0,0,8]]
[65]:[[1,3,0,1], [4,0,0,1], [7,6,3,4]]
[66]:[[1,3,0,1], [4,0,0,1], [1,0,0,8]]
[67]:[[1,3,0,1], [4,0,0,1], [4,5,3,1]]
[68]:[[1,3,0,1], [4,0,0,1], [4,4,3,7]]
[69]:[[1,3,0,1], [8,0,0,1], [4,0,0,4]]
[70]:[[1,3,0,1], [8,0,0,1], [8,0,0,8]]
[71]:[[1,3,0,1], [8,0,0,1], [7,0,0,4]]
[72]:[[1,3,0,1], [8,0,0,1], [1,0,0,4]]
[73]:[[1,3,0,1], [4,1,0,1], [8,0,0,8]]
[74]:[[1,3,0,1], [4,1,0,1], [4,8,0,4]]
[75]:[[1,3,0,1], [4,0,0,4], [8,0,0,8]]
[76]:[[1,3,0,1], [4,0,0,4], [7,6,3,4]]
[77]:[[1,3,0,1], [4,0,0,4], [1,0,0,8]]
[78]:[[1,3,0,1], [4,0,0,4], [4,5,3,1]]
[79]:[[1,3,0,1], [4,0,0,4], [4,4,3,7]]
[80]:[[1,3,0,1], [8,0,0,8], [7,6,3,4]]
[81]:[[1,3,0,1], [8,0,0,8], [4,6,3,4]]
[82]:[[1,3,0,1], [8,0,0,8], [7,0,0,4]]
[83]:[[1,3,0,1], [8,0,0,8], [1,0,0,4]]
[84]:[[1,3,0,1], [8,0,0,8], [4,5,3,1]]
[85]:[[1,3,0,1], [8,0,0,8], [4,4,3,7]]
[86]:[[1,3,0,1], [8,0,0,8], [7,2,3,1]]
[87]:[[1,3,0,1], [8,0,0,8], [7,7,3,7]]
[88]:[[1,3,0,1], [7,6,3,4], [8,7,0,1]]
[89]:[[1,3,0,1], [7,6,3,4], [7,3,6,4]]
[90]:[[1,3,0,1], [7,6,3,4], [2,6,4,7]]
[91]:[[1,3,0,1], [4,6,3,4], [7,3,3,1]]
[92]:[[1,3,0,1], [7,0,0,4], [1,0,0,8]]
[93]:[[1,3,0,1], [7,0,0,4], [4,5,3,1]]
[94]:[[1,3,0,1], [7,0,0,4], [4,4,3,7]]
[95]:[[1,3,0,1], [7,0,0,4], [7,2,3,1]]
[96]:[[1,3,0,1], [7,0,0,4], [7,7,3,7]]
[97]:[[1,3,0,1], [1,0,0,8], [1,0,0,4]]
[98]:[[1,3,0,1], [1,0,0,4], [4,5,3,1]]
[99]:[[1,3,0,1], [1,0,0,4], [4,4,3,7]]
[100]:[[1,3,0,1], [7,2,3,1], [8,5,0,1]]
[101]:[[1,3,0,1], [7,2,3,1], [1,4,0,8]]
[102]:[[1,3,0,1], [7,7,3,7], [8,0,0,1]]
[103]:[[1,3,0,1], [7,7,3,7], [1,0,0,8]]
[104]:[[4,0,0,1], [8,0,0,1], [4,0,0,4]]
[105]:[[4,0,0,1], [8,0,0,1], [8,0,0,8]]
[106]:[[4,0,0,1], [4,0,0,4], [8,0,0,8]]
[107]:[[4,0,0,1], [4,0,0,4], [0,7,4,0]]
[108]:[[4,0,0,1], [4,0,0,4], [1,6,6,7]]
[109]:[[4,0,0,1], [8,0,0,8], [1,6,6,7]]
[110]:[[4,0,0,1], [8,0,0,8], [7,6,6,1]]
[111]:[[4,0,0,1], [8,0,0,8], [1,6,3,1]]
[112]:[[4,0,0,1], [8,0,0,8], [1,0,3,7]]
[113]:[[4,0,0,1], [1,6,6,7], [1,6,3,1]]
[114]:[[4,0,0,1], [7,6,6,1], [8,0,0,1]]
[115]:[[4,0,0,1], [7,6,6,1], [1,0,0,8]]
[116]:[[4,0,0,1], [1,6,3,1], [8,0,0,1]]
[117]:[[4,0,0,1], [1,6,3,1], [1,0,0,8]]
[118]:[[8,0,0,1], [4,0,0,4], [8,0,0,8]]
[119]:[[8,0,0,1], [8,0,0,8], [0,4,2,0]]
[120]:[[8,0,0,1], [8,0,0,8], [7,0,0,4]]
[121]:[[4,0,0,4], [8,0,0,8], [0,4,2,0]]
[122]:[[4,0,0,4], [8,0,0,8], [4,6,3,4]]
[123]:[[4,0,0,4], [8,0,0,8], [0,8,4,2]]
[124]:[[4,0,0,4], [4,6,3,4], [8,0,0,1]]
[125]:[[4,0,0,4], [0,8,4,2], [8,4,0,1]]
[126]:[[4,0,0,4], [0,8,4,2], [3,7,4,6]]
[127]:[[8,0,0,8], [0,4,2,0], [4,6,3,4]]
[128]:[[8,0,0,8], [0,4,2,0], [1,6,3,1]]
[129]:[[8,0,0,8], [0,4,2,0], [7,8,5,2]]
[130]:[[8,0,0,8], [0,4,2,0], [7,1,5,7]]
[131]:[[8,0,0,8], [4,6,3,4], [1,3,3,1]]
[132]:[[8,0,0,8], [0,8,4,2], [6,2,1,2]]
[133]:[[8,0,0,8], [0,8,1,8], [8,1,0,1]]
[134]:[[8,0,0,8], [1,6,3,1], [8,0,0,1]]
[135]:[[8,0,0,8], [1,6,3,1], [1,8,2,8]]
[136]:[[8,0,0,8], [1,6,3,1], [7,3,3,4]]
[137]:[[8,0,0,8], [1,3,3,1], [8,0,0,1]]
[138]:[[8,0,0,8], [1,3,3,1], [0,4,2,0]]
[139]:[[1,6,3,1], [7,3,3,4], [8,5,0,1]]
[140]:[[1,3,0,1], [1,1,0,1], [4,0,0,1], [8,0,0,1]]
[141]:[[1,3,0,1], [1,1,0,1], [4,0,0,1], [4,0,0,4]]
[142]:[[1,3,0,1], [1,1,0,1], [4,0,0,1], [8,0,0,8]]
[143]:[[1,3,0,1], [1,1,0,1], [4,0,0,1], [1,0,0,8]]
[144]:[[1,3,0,1], [1,1,0,1], [8,0,0,1], [4,0,0,4]]
[145]:[[1,3,0,1], [1,1,0,1], [8,0,0,1], [8,0,0,8]]
[146]:[[1,3,0,1], [1,1,0,1], [8,0,0,1], [7,0,0,4]]
[147]:[[1,3,0,1], [1,1,0,1], [8,0,0,1], [1,0,0,4]]
[148]:[[1,3,0,1], [1,1,0,1], [4,0,0,4], [8,0,0,8]]
[149]:[[1,3,0,1], [1,1,0,1], [4,0,0,4], [1,0,0,8]]
[150]:[[1,3,0,1], [1,1,0,1], [8,0,0,8], [7,0,0,4]]
[151]:[[1,3,0,1], [1,1,0,1], [8,0,0,8], [1,0,0,4]]
[152]:[[1,3,0,1], [1,1,0,1], [7,0,0,4], [7,6,3,4]]
[153]:[[1,3,0,1], [1,1,0,1], [7,0,0,4], [4,6,3,4]]
[154]:[[1,3,0,1], [1,1,0,1], [7,0,0,4], [1,0,0,8]]
[155]:[[1,3,0,1], [1,1,0,1], [1,0,0,8], [1,0,0,4]]
[156]:[[1,3,0,1], [4,0,0,1], [8,0,0,1], [4,0,0,4]]
[157]:[[1,3,0,1], [4,0,0,1], [8,0,0,1], [8,0,0,8]]
[158]:[[1,3,0,1], [4,0,0,1], [4,0,0,4], [8,0,0,8]]
[159]:[[1,3,0,1], [4,0,0,1], [4,0,0,4], [7,6,3,4]]
[160]:[[1,3,0,1], [4,0,0,1], [4,0,0,4], [1,0,0,8]]
[161]:[[1,3,0,1], [4,0,0,1], [4,0,0,4], [4,5,3,1]]
[162]:[[1,3,0,1], [4,0,0,1], [4,0,0,4], [4,4,3,7]]
[163]:[[1,3,0,1], [4,0,0,1], [8,0,0,8], [7,6,3,4]]
[164]:[[1,3,0,1], [4,0,0,1], [8,0,0,8], [4,5,3,1]]
[165]:[[1,3,0,1], [4,0,0,1], [8,0,0,8], [4,4,3,7]]
[166]:[[1,3,0,1], [4,0,0,1], [7,6,3,4], [8,7,0,1]]
[167]:[[1,3,0,1], [4,0,0,1], [7,6,3,4], [1,2,0,8]]
[168]:[[1,3,0,1], [4,0,0,1], [4,5,3,1], [8,5,0,1]]
[169]:[[1,3,0,1], [4,0,0,1], [4,5,3,1], [1,4,0,8]]
[170]:[[1,3,0,1], [4,0,0,1], [4,4,3,7], [8,0,0,1]]
[171]:[[1,3,0,1], [4,0,0,1], [4,4,3,7], [1,0,0,8]]
[172]:[[1,3,0,1], [8,0,0,1], [4,0,0,4], [8,0,0,8]]
[173]:[[1,3,0,1], [8,0,0,1], [8,0,0,8], [7,0,0,4]]
[174]:[[1,3,0,1], [8,0,0,1], [8,0,0,8], [1,0,0,4]]
[175]:[[1,3,0,1], [4,1,0,1], [8,0,0,8], [4,8,0,4]]
[176]:[[1,3,0,1], [4,1,0,1], [4,8,0,4], [7,6,3,4]]
[177]:[[1,3,0,1], [4,1,0,1], [4,8,0,4], [4,6,3,4]]
[178]:[[1,3,0,1], [4,1,0,1], [4,8,0,4], [4,3,6,4]]
[179]:[[1,3,0,1], [4,0,0,4], [8,0,0,8], [7,6,3,4]]
[180]:[[1,3,0,1], [4,0,0,4], [8,0,0,8], [4,5,3,1]]
[181]:[[1,3,0,1], [4,0,0,4], [8,0,0,8], [4,4,3,7]]
[182]:[[1,3,0,1], [4,0,0,4], [7,6,3,4], [8,7,0,1]]
[183]:[[1,3,0,1], [4,0,0,4], [7,6,3,4], [2,6,4,7]]
[184]:[[1,3,0,1], [4,0,0,4], [4,5,3,1], [8,7,0,1]]
[185]:[[1,3,0,1], [4,0,0,4], [4,5,3,1], [1,2,0,8]]
[186]:[[1,3,0,1], [4,0,0,4], [4,4,3,7], [8,5,0,1]]
[187]:[[1,3,0,1], [4,0,0,4], [4,4,3,7], [1,4,0,8]]
[188]:[[1,3,0,1], [8,0,0,8], [7,6,3,4], [8,7,0,1]]
[189]:[[1,3,0,1], [8,0,0,8], [7,6,3,4], [7,3,6,4]]
[190]:[[1,3,0,1], [8,0,0,8], [7,6,3,4], [1,8,2,8]]
[191]:[[1,3,0,1], [8,0,0,8], [7,6,3,4], [2,6,4,7]]
[192]:[[1,3,0,1], [8,0,0,8], [4,6,3,4], [7,3,3,1]]
[193]:[[1,3,0,1], [8,0,0,8], [7,0,0,4], [4,5,3,1]]
[194]:[[1,3,0,1], [8,0,0,8], [7,0,0,4], [4,4,3,7]]
[195]:[[1,3,0,1], [8,0,0,8], [7,0,0,4], [7,2,3,1]]
[196]:[[1,3,0,1], [8,0,0,8], [7,0,0,4], [7,7,3,7]]
[197]:[[1,3,0,1], [8,0,0,8], [1,0,0,4], [4,5,3,1]]
[198]:[[1,3,0,1], [8,0,0,8], [1,0,0,4], [4,4,3,7]]
[199]:[[1,3,0,1], [8,0,0,8], [7,2,3,1], [8,5,0,1]]
[200]:[[1,3,0,1], [8,0,0,8], [7,7,3,7], [8,0,0,1]]
[201]:[[1,3,0,1], [7,6,3,4], [8,7,0,1], [7,3,6,4]]
[202]:[[1,3,0,1], [7,0,0,4], [7,2,3,1], [8,0,0,1]]
[203]:[[1,3,0,1], [7,0,0,4], [7,2,3,1], [1,0,0,8]]
[204]:[[1,3,0,1], [7,0,0,4], [7,7,3,7], [8,0,0,1]]
[205]:[[1,3,0,1], [7,0,0,4], [7,7,3,7], [1,0,0,8]]
[206]:[[1,3,0,1], [1,0,0,4], [4,5,3,1], [8,0,0,1]]
[207]:[[1,3,0,1], [1,0,0,4], [4,5,3,1], [1,0,0,8]]
[208]:[[1,3,0,1], [1,0,0,4], [4,4,3,7], [8,7,0,1]]
[209]:[[1,3,0,1], [1,0,0,4], [4,4,3,7], [1,2,0,8]]
[210]:[[4,0,0,1], [8,0,0,1], [4,0,0,4], [8,0,0,8]]
[211]:[[4,0,0,1], [4,0,0,4], [8,0,0,8], [0,4,2,0]]
[212]:[[4,0,0,1], [4,0,0,4], [8,0,0,8], [0,7,4,0]]
[213]:[[4,0,0,1], [4,0,0,4], [8,0,0,8], [1,6,6,7]]
[214]:[[4,0,0,1], [4,0,0,4], [0,7,4,0], [1,6,6,7]]
[215]:[[4,0,0,1], [8,0,0,8], [1,6,6,7], [4,7,4,5]]
[216]:[[4,0,0,1], [8,0,0,8], [1,6,6,7], [1,6,3,1]]
[217]:[[4,0,0,1], [8,0,0,8], [7,6,6,1], [8,0,0,1]]
[218]:[[4,0,0,1], [8,0,0,8], [1,6,3,1], [8,0,0,1]]
[219]:[[8,0,0,1], [4,0,0,4], [8,0,0,8], [0,4,2,0]]
[220]:[[8,0,0,1], [8,0,0,8], [0,4,2,0], [7,8,5,2]]
[221]:[[8,0,0,1], [8,0,0,8], [7,0,0,4], [0,4,2,0]]
[222]:[[4,0,0,4], [8,0,0,8], [0,4,2,0], [4,6,3,4]]
[223]:[[4,0,0,4], [8,0,0,8], [0,4,2,0], [7,8,5,2]]
[224]:[[4,0,0,4], [8,0,0,8], [0,4,2,0], [7,1,5,7]]
[225]:[[4,0,0,4], [8,0,0,8], [4,6,3,4], [8,0,0,1]]
[226]:[[4,0,0,4], [8,0,0,8], [4,6,3,4], [1,8,2,8]]
[227]:[[4,0,0,4], [8,0,0,8], [0,8,4,2], [8,4,0,1]]
[228]:[[8,0,0,8], [0,4,2,0], [4,6,3,4], [7,1,5,7]]
[229]:[[8,0,0,8], [0,4,2,0], [1,6,3,1], [8,0,0,1]]
[230]:[[8,0,0,8], [0,4,2,0], [1,6,3,1], [7,8,5,2]]
[231]:[[8,0,0,8], [0,4,2,0], [1,6,3,1], [7,1,5,7]]
[232]:[[8,0,0,8], [0,4,2,0], [7,8,5,2], [1,6,1,1]]
[233]:[[8,0,0,8], [0,4,2,0], [7,8,5,2], [6,2,1,2]]
[234]:[[8,0,0,8], [4,6,3,4], [1,3,3,1], [0,4,2,0]]
[235]:[[8,0,0,8], [1,6,3,1], [1,8,2,8], [7,3,3,4]]
[236]:[[8,0,0,8], [1,6,3,1], [7,3,3,4], [8,5,0,1]]
[237]:[[8,0,0,8], [1,6,3,1], [7,3,3,4], [4,7,4,5]]
[238]:[[1,3,0,1], [1,1,0,1], [4,0,0,1], [8,0,0,1], [4,0,0,4]]
[239]:[[1,3,0,1], [1,1,0,1], [4,0,0,1], [8,0,0,1], [8,0,0,8]]
[240]:[[1,3,0,1], [1,1,0,1], [4,0,0,1], [4,0,0,4], [8,0,0,8]]
[241]:[[1,3,0,1], [1,1,0,1], [4,0,0,1], [4,0,0,4], [7,6,3,4]]
[242]:[[1,3,0,1], [1,1,0,1], [4,0,0,1], [4,0,0,4], [1,0,0,8]]
[243]:[[1,3,0,1], [1,1,0,1], [8,0,0,1], [4,0,0,4], [8,0,0,8]]
[244]:[[1,3,0,1], [1,1,0,1], [8,0,0,1], [8,0,0,8], [7,0,0,4]]
[245]:[[1,3,0,1], [1,1,0,1], [8,0,0,1], [8,0,0,8], [1,0,0,4]]
[246]:[[1,3,0,1], [1,1,0,1], [8,0,0,8], [7,0,0,4], [7,6,3,4]]
[247]:[[1,3,0,1], [1,1,0,1], [8,0,0,8], [7,0,0,4], [4,6,3,4]]
[248]:[[1,3,0,1], [1,1,0,1], [7,0,0,4], [7,6,3,4], [8,0,0,1]]
[249]:[[1,3,0,1], [1,1,0,1], [7,0,0,4], [7,6,3,4], [1,0,0,8]]
[250]:[[1,3,0,1], [4,0,0,1], [8,0,0,1], [4,0,0,4], [8,0,0,8]]
[251]:[[1,3,0,1], [4,0,0,1], [4,0,0,4], [8,0,0,8], [7,6,3,4]]
[252]:[[1,3,0,1], [4,0,0,1], [4,0,0,4], [8,0,0,8], [4,5,3,1]]
[253]:[[1,3,0,1], [4,0,0,1], [4,0,0,4], [8,0,0,8], [4,4,3,7]]
[254]:[[1,3,0,1], [4,0,0,1], [4,0,0,4], [7,6,3,4], [8,0,0,1]]
[255]:[[1,3,0,1], [4,0,0,1], [4,0,0,4], [4,5,3,1], [8,0,0,1]]
[256]:[[1,3,0,1], [4,0,0,1], [4,0,0,4], [4,5,3,1], [1,0,0,8]]
[257]:[[1,3,0,1], [4,0,0,1], [4,0,0,4], [4,4,3,7], [8,0,0,1]]
[258]:[[1,3,0,1], [4,0,0,1], [4,0,0,4], [4,4,3,7], [1,0,0,8]]
[259]:[[1,3,0,1], [4,0,0,1], [8,0,0,8], [7,6,3,4], [8,7,0,1]]
[260]:[[1,3,0,1], [4,0,0,1], [8,0,0,8], [4,5,3,1], [8,5,0,1]]
[261]:[[1,3,0,1], [4,0,0,1], [8,0,0,8], [4,4,3,7], [8,0,0,1]]
[262]:[[1,3,0,1], [4,1,0,1], [8,0,0,8], [4,8,0,4], [7,6,3,4]]
[263]:[[1,3,0,1], [4,1,0,1], [8,0,0,8], [4,8,0,4], [4,6,3,4]]
[264]:[[1,3,0,1], [4,1,0,1], [8,0,0,8], [4,8,0,4], [4,3,6,4]]
[265]:[[1,3,0,1], [4,0,0,4], [8,0,0,8], [7,6,3,4], [8,7,0,1]]
[266]:[[1,3,0,1], [4,0,0,4], [8,0,0,8], [7,6,3,4], [1,8,2,8]]
[267]:[[1,3,0,1], [4,0,0,4], [8,0,0,8], [7,6,3,4], [2,6,4,7]]
[268]:[[1,3,0,1], [4,0,0,4], [8,0,0,8], [4,5,3,1], [8,7,0,1]]
[269]:[[1,3,0,1], [4,0,0,4], [8,0,0,8], [4,4,3,7], [8,5,0,1]]
[270]:[[1,3,0,1], [8,0,0,8], [7,6,3,4], [8,7,0,1], [7,3,6,4]]
[271]:[[1,3,0,1], [8,0,0,8], [7,6,3,4], [8,7,0,1], [1,8,2,8]]
[272]:[[1,3,0,1], [8,0,0,8], [7,6,3,4], [7,3,6,4], [0,4,2,0]]
[273]:[[1,3,0,1], [8,0,0,8], [7,0,0,4], [7,2,3,1], [8,0,0,1]]
[274]:[[1,3,0,1], [8,0,0,8], [7,0,0,4], [7,7,3,7], [8,0,0,1]]
[275]:[[1,3,0,1], [8,0,0,8], [1,0,0,4], [4,5,3,1], [8,0,0,1]]
[276]:[[1,3,0,1], [8,0,0,8], [1,0,0,4], [4,4,3,7], [8,7,0,1]]
[277]:[[4,0,0,1], [8,0,0,1], [4,0,0,4], [8,0,0,8], [0,4,2,0]]
[278]:[[4,0,0,1], [4,0,0,4], [8,0,0,8], [0,7,4,0], [1,6,6,7]]
[279]:[[4,0,0,1], [4,0,0,4], [8,0,0,8], [1,6,6,7], [0,4,2,0]]
[280]:[[4,0,0,1], [4,0,0,4], [8,0,0,8], [1,6,6,7], [1,8,2,8]]
[281]:[[4,0,0,1], [8,0,0,8], [1,6,6,7], [1,6,3,1], [4,7,4,5]]
[282]:[[8,0,0,1], [4,0,0,4], [8,0,0,8], [0,4,2,0], [7,8,5,2]]
[283]:[[4,0,0,4], [8,0,0,8], [0,4,2,0], [4,6,3,4], [8,0,0,1]]
[284]:[[4,0,0,4], [8,0,0,8], [0,4,2,0], [4,6,3,4], [7,8,5,2]]
[285]:[[4,0,0,4], [8,0,0,8], [0,4,2,0], [4,6,3,4], [7,1,5,7]]
[286]:[[4,0,0,4], [8,0,0,8], [0,4,2,0], [7,8,5,2], [1,6,1,1]]
[287]:[[8,0,0,8], [0,4,2,0], [1,6,3,1], [8,0,0,1], [7,8,5,2]]
[288]:[[8,0,0,8], [0,4,2,0], [7,8,5,2], [6,2,1,2], [8,0,0,1]]
[289]:[[8,0,0,8], [1,6,3,1], [1,8,2,8], [7,3,3,4], [6,4,2,3]]
[290]:[[8,0,0,8], [1,6,3,1], [7,3,3,4], [8,5,0,1], [4,7,4,5]]
[291]:[[8,0,0,8], [1,6,3,1], [7,3,3,4], [4,7,4,5], [6,5,8,8]]
[292]:[[1,3,0,1], [1,1,0,1], [4,0,0,1], [8,0,0,1], [4,0,0,4], [8,0,0,8]]
[293]:[[1,3,0,1], [1,1,0,1], [4,0,0,1], [4,0,0,4], [8,0,0,8], [7,6,3,4]]
[294]:[[1,3,0,1], [1,1,0,1], [4,0,0,1], [4,0,0,4], [7,6,3,4], [8,0,0,1]]
[295]:[[1,3,0,1], [1,1,0,1], [4,0,0,1], [4,0,0,4], [7,6,3,4], [1,0,0,8]]
[296]:[[1,3,0,1], [1,1,0,1], [8,0,0,8], [7,0,0,4], [7,6,3,4], [8,0,0,1]]
[297]:[[1,3,0,1], [4,0,0,1], [4,0,0,4], [8,0,0,8], [7,6,3,4], [8,0,0,1]]
[298]:[[1,3,0,1], [4,0,0,1], [4,0,0,4], [8,0,0,8], [7,6,3,4], [0,4,2,0]]
[299]:[[1,3,0,1], [4,0,0,1], [4,0,0,4], [8,0,0,8], [4,5,3,1], [8,0,0,1]]
[300]:[[1,3,0,1], [4,0,0,1], [4,0,0,4], [8,0,0,8], [4,4,3,7], [8,0,0,1]]
[301]:[[1,3,0,1], [4,0,0,4], [8,0,0,8], [7,6,3,4], [8,7,0,1], [1,8,2,8]]
[302]:[[1,3,0,1], [8,0,0,8], [7,6,3,4], [8,7,0,1], [7,3,6,4], [1,8,2,8]]
[303]:[[1,3,0,1], [8,0,0,8], [7,6,3,4], [7,3,6,4], [0,4,2,0], [1,8,2,8]]
[304]:[[1,3,0,1], [8,0,0,8], [7,6,3,4], [7,3,6,4], [0,4,2,0], [7,4,8,7]]
[305]:[[4,0,0,1], [4,0,0,4], [8,0,0,8], [0,7,4,0], [1,6,6,7], [8,0,0,1]]
[306]:[[4,0,0,1], [4,0,0,4], [8,0,0,8], [1,6,6,7], [0,4,2,0], [1,8,2,8]]
[307]:[[4,0,0,1], [4,0,0,4], [8,0,0,8], [1,6,6,7], [0,4,2,0], [7,4,8,7]]
[308]:[[4,0,0,1], [8,0,0,8], [1,6,6,7], [1,6,3,1], [4,7,4,5], [6,5,8,8]]
[309]:[[4,0,0,4], [8,0,0,8], [0,4,2,0], [4,6,3,4], [8,0,0,1], [7,8,5,2]]
[310]:[[4,0,0,4], [8,0,0,8], [0,4,2,0], [7,8,5,2], [1,6,1,1], [8,0,0,1]]
[311]:[[8,0,0,8], [1,6,3,1], [1,8,2,8], [7,3,3,4], [6,4,2,3], [8,8,0,1]]
[312]:[[1,3,0,1], [1,1,0,1], [4,0,0,1], [4,0,0,4], [8,0,0,8], [7,6,3,4], [8,0,0,1]]
[313]:[[1,3,0,1], [4,0,0,1], [4,0,0,4], [8,0,0,8], [7,6,3,4], [8,0,0,1], [0,4,2,0]]
[314]:[[1,3,0,1], [4,0,0,1], [4,0,0,4], [8,0,0,8], [7,6,3,4], [0,4,2,0], [1,8,2,8]]
[315]:[[1,3,0,1], [4,0,0,1], [4,0,0,4], [8,0,0,8], [7,6,3,4], [0,4,2,0], [7,4,8,7]]
[316]:[[1,3,0,1], [8,0,0,8], [7,6,3,4], [8,7,0,1], [7,3,6,4], [1,8,2,8], [0,4,2,0]]
[317]:[[1,3,0,1], [8,0,0,8], [7,6,3,4], [7,3,6,4], [0,4,2,0], [1,8,2,8], [1,1,0,1]]
[318]:[[1,3,0,1], [8,0,0,8], [7,6,3,4], [7,3,6,4], [0,4,2,0], [1,8,2,8], [4,1,0,1]]
[319]:[[4,0,0,1], [4,0,0,4], [8,0,0,8], [0,7,4,0], [1,6,6,7], [8,0,0,1], [7,5,8,2]]
[320]:[[1,3,0,1], [4,0,0,1], [4,0,0,4], [8,0,0,8], [7,6,3,4], [8,0,0,1], [0,4,2,0], [1,8,2,8]]
[321]:[[1,3,0,1], [4,0,0,1], [4,0,0,4], [8,0,0,8], [7,6,3,4], [0,4,2,0], [1,8,2,8], [1,1,0,1]]
[322]:[[1,3,0,1], [8,0,0,8], [7,6,3,4], [7,3,6,4], [0,4,2,0], [1,8,2,8], [1,1,0,1], [8,0,0,1]]
[323]:[[1,3,0,1], [4,0,0,1], [4,0,0,4], [8,0,0,8], [7,6,3,4], [0,4,2,0], [1,8,2,8], [1,1,0,1], [8,0,0,1]]
