[0]:[]
[1]:[[1,2,0,1]]
[2]:[[3,0,0,1]]
[3]:[[3,1,0,1]]
[4]:[[3,0,0,3]]
[5]:[[0,3,1,3]]
[6]:[[3,2,2,1]]
[7]:[[1,2,2,1]]
[8]:[[1,2,0,1], [1,1,0,1]]
[9]:[[1,2,0,1], [3,0,0,1]]
[10]:[[1,2,0,1], [3,1,0,1]]
[11]:[[1,2,0,1], [3,0,0,3]]
[12]:[[1,2,0,1], [3,2,2,3]]
[13]:[[1,2,0,1], [3,2,2,1]]
[14]:[[1,2,0,1], [1,0,0,3]]
[15]:[[3,0,0,1], [3,0,0,3]]
[16]:[[3,0,0,1], [3,2,2,1]]
[17]:[[3,0,0,1], [3,0,2,3]]
[18]:[[3,1,0,1], [3,0,0,3]]
[19]:[[3,1,0,1], [3,2,0,3]]
[20]:[[3,0,0,3], [0,3,1,0]]
[21]:[[3,0,0,3], [0,3,1,3]]
[22]:[[3,0,0,3], [3,2,2,1]]
[23]:[[0,3,1,3], [3,1,0,1]]
[24]:[[0,3,1,3], [3,2,2,1]]
[25]:[[1,2,2,1], [2,1,1,0]]
[26]:[[1,2,2,1], [3,0,2,3]]
[27]:[[1,2,0,1], [1,1,0,1], [3,0,0,1]]
[28]:[[1,2,0,1], [1,1,0,1], [3,0,0,3]]
[29]:[[1,2,0,1], [1,1,0,1], [1,0,0,3]]
[30]:[[1,2,0,1], [3,0,0,1], [3,0,0,3]]
[31]:[[1,2,0,1], [3,0,0,1], [3,2,2,3]]
[32]:[[1,2,0,1], [3,1,0,1], [3,0,0,3]]
[33]:[[1,2,0,1], [3,0,0,3], [3,2,2,3]]
[34]:[[1,2,0,1], [3,0,0,3], [3,2,2,1]]
[35]:[[1,2,0,1], [3,0,0,3], [1,3,2,3]]
[36]:[[1,2,0,1], [3,0,0,3], [3,3,2,3]]
[37]:[[1,2,0,1], [3,2,2,3], [1,2,1,1]]
[38]:[[3,0,0,1], [3,0,0,3], [0,3,1,0]]
[39]:[[3,0,0,1], [3,2,2,1], [3,0,2,3]]
[40]:[[3,1,0,1], [3,0,0,3], [3,2,2,1]]
[41]:[[3,1,0,1], [3,2,0,3], [1,2,2,1]]
[42]:[[3,0,0,3], [0,3,1,3], [3,1,0,1]]
[43]:[[3,0,0,3], [0,3,1,3], [3,2,2,1]]
[44]:[[3,0,0,3], [0,3,1,3], [3,2,1,1]]
[45]:[[1,2,2,1], [3,0,2,3], [0,3,1,3]]
[46]:[[1,2,0,1], [1,1,0,1], [3,0,0,1], [3,0,0,3]]
[47]:[[1,2,0,1], [1,1,0,1], [3,0,0,3], [3,2,2,3]]
[48]:[[1,2,0,1], [1,1,0,1], [3,0,0,3], [3,2,2,1]]
[49]:[[1,2,0,1], [3,0,0,1], [3,0,0,3], [3,2,2,3]]
[50]:[[1,2,0,1], [3,0,0,1], [3,0,0,3], [1,3,2,3]]
[51]:[[1,2,0,1], [3,1,0,1], [3,0,0,3], [3,2,2,3]]
[52]:[[1,2,0,1], [3,1,0,1], [3,0,0,3], [3,2,2,1]]
[53]:[[1,2,0,1], [3,0,0,3], [3,2,2,3], [0,3,1,3]]
[54]:[[3,0,0,1], [3,2,2,1], [3,0,2,3], [0,3,1,3]]
[55]:[[3,0,0,3], [0,3,1,3], [3,1,0,1], [3,2,2,1]]
[56]:[[1,2,2,1], [3,0,2,3], [0,3,1,3], [3,1,0,1]]
[57]:[[1,2,0,1], [1,1,0,1], [3,0,0,1], [3,0,0,3], [3,2,2,3]]
[58]:[[1,2,0,1], [3,0,0,1], [3,0,0,3], [3,2,2,3], [0,3,1,3]]
[59]:[[1,2,0,1], [3,0,0,3], [3,2,2,3], [0,3,1,3], [1,1,0,1]]
[60]:[[1,2,0,1], [3,0,0,3], [3,2,2,3], [0,3,1,3], [3,1,0,1]]
[61]:[[1,2,0,1], [3,0,0,1], [3,0,0,3], [3,2,2,3], [0,3,1,3], [1,1,0,1]]
