189605:5:16:24:[[1,1,0,1],[3,0,0,11],[13,0,0,5],[9,0,0,9]]:0:0:0
189785:5:8:24:[[1,2,0,1],[5,0,0,5],[1,4,0,1],[3,0,0,3]]:0:0:0
190487:5:8:24:[[5,4,4,5],[7,0,0,7],[1,4,0,1],[3,0,0,3]]:0:0:0
891735:6:32:96:[[1,8,0,1],[3,0,0,11],[9,0,0,25],[1,4,0,1],[1,16,0,1],[1,2,0,1],[17,0,0,17],[21,0,0,29]]:0:0:3
189979:5:8:24:[[1,2,0,1],[5,0,0,5],[1,4,0,1],[3,0,0,3]]:0:0:0
890995:6:64:96:[[1,8,0,1],[1,1,0,1],[3,0,0,43],[5,0,0,13],[1,32,0,1],[1,4,0,1],[9,0,0,57],[1,16,0,1],[1,2,0,1],[33,0,0,33],[17,0,0,49]]:0:0:3
2147:3:4:6:[[3,0,0,3],[1,1,0,1],[1,2,0,1]]:0:0:0
190435:5:8:48:[[5,0,0,5],[1,4,0,1],[3,0,0,3]]:0:0:1
2177:3:4:6:[[3,2,2,3],[3,0,0,3],[1,2,0,1]]:0:0:0
189981:5:8:24:[[1,2,0,1],[5,0,0,5],[1,4,0,1],[3,0,0,3]]:0:0:0
891737:6:32:96:[[1,8,0,1],[3,0,0,11],[9,0,0,25],[1,4,0,1],[1,16,0,1],[1,2,0,1],[17,0,0,17],[21,0,0,29]]:0:0:3
891525:6:32:96:[[1,8,0,1],[3,0,0,11],[9,0,0,25],[1,4,0,1],[1,16,0,1],[1,2,0,1],[17,0,0,17],[21,0,0,29]]:0:0:3
893011:6:16:96:[[3,0,0,11],[13,0,0,5],[9,0,0,9],[1,4,0,1],[1,8,0,1]]:0:0:3
893009:6:16:96:[[3,0,0,11],[13,0,0,5],[9,0,0,9],[1,4,0,1],[1,8,0,1]]:0:0:3
190318:5:8:24:[[5,4,4,5],[7,0,0,7],[1,4,0,1],[3,0,0,3]]:0:0:0
891526:6:32:96:[[1,8,0,1],[3,0,0,11],[9,0,0,25],[1,4,0,1],[1,16,0,1],[1,2,0,1],[17,0,0,17],[21,0,0,29]]:0:0:3
876594:6:64:96:[[1,8,0,1],[1,1,0,1],[3,0,0,43],[5,0,0,13],[1,32,0,1],[1,4,0,1],[9,0,0,57],[1,16,0,1],[1,2,0,1],[33,0,0,33],[17,0,0,49]]:0:0:3
893326:6:16:96:[[3,0,0,11],[13,0,0,5],[9,0,0,9],[1,4,0,1],[1,8,0,1]]:0:0:3
189551:5:16:24:[[1,1,0,1],[3,0,0,11],[13,0,0,5]]:0:0:0
189621:5:32:48:[[1,1,0,1],[21,0,0,29],[3,0,0,11],[9,0,0,25]]:0:0:1
893327:6:16:96:[[3,0,0,11],[13,0,0,5],[9,0,0,9],[1,4,0,1],[1,8,0,1]]:0:0:3
189995:5:16:48:[[3,0,0,11],[1,2,0,1],[13,0,0,5],[9,0,0,9],[1,4,0,1],[1,8,0,1]]:0:0:1
878116:6:32:96:[[1,8,0,1],[3,0,0,11],[9,0,0,25],[1,4,0,1],[1,16,0,1],[1,2,0,1],[17,0,0,17],[21,0,0,29]]:0:0:3
885865:6:8:96:[[5,0,0,5],[3,0,0,3]]:0:0:3
881772:6:16:96:[[3,0,0,11],[13,0,0,5],[9,0,0,9],[1,4,0,1],[1,8,0,1]]:0:0:3
894711:6:8:96:[[5,0,0,5],[3,0,0,3]]:0:0:3
190525:5:8:48:[[5,0,0,5],[1,4,0,1],[3,0,0,3]]:0:0:1
189892:5:8:24:[[1,2,0,1],[5,0,0,5],[1,4,0,1],[3,0,0,3]]:0:0:0
5_exc:1:5:15:[[2,0,0,3],[0,1,4,0]]:3:0:0
25_exc:2:5:15:[[2,0,0,3],[0,1,4,0]]:3:0:0
7_exc:1:7:56:[[3,0,0,5]]:0:2:1
49_exc:2:7:56:[[3,0,0,5]]:0:2:1
